% x y
0.026000 -0.016500
0.026500 -0.017000
0.027500 -0.017000
0.028000 -0.017500
0.028500 -0.018000
0.029000 -0.018500
0.029500 -0.019000
0.030500 -0.019000
0.031000 -0.019500
0.031500 -0.020000
0.032500 -0.020000
0.033500 -0.020000
0.034500 -0.020000
0.035500 -0.020000
0.036000 -0.019500
0.036500 -0.019000
0.037500 -0.019000
0.038000 -0.018500
0.038500 -0.018000
0.039500 -0.018000
0.040000 -0.017500
0.040500 -0.017000
0.041000 -0.016500
0.041500 -0.016000
0.042000 -0.015500
0.042000 -0.014500
0.042000 -0.013500
0.042000 -0.012500
0.041500 -0.012000
0.041000 -0.011500
0.040500 -0.011000
0.040000 -0.010500
0.039500 -0.010000
0.039000 -0.009500
0.038500 -0.009000
0.037500 -0.009000
0.036500 -0.009000
0.035500 -0.009000
0.034500 -0.009000
0.033500 -0.009000
0.032500 -0.009000
0.032000 -0.009500
0.031500 -0.010000
0.030500 -0.010000
0.030000 -0.010500
0.029500 -0.011000
0.028500 -0.011000
0.028000 -0.011500
0.027500 -0.012000
0.027000 -0.012500
0.026500 -0.013000
0.026000 -0.013500
0.026000 -0.014500
0.026000 -0.015500
0.026000 -0.016500
