% x y
0.025000 -0.010500
0.025500 -0.011000
0.026500 -0.011000
0.027500 -0.011000
0.028500 -0.011000
0.029500 -0.011000
0.030000 -0.010500
0.030500 -0.010000
0.031500 -0.010000
0.032000 -0.009500
0.032000 -0.008500
0.032000 -0.007500
0.032000 -0.006500
0.032000 -0.005500
0.031500 -0.005000
0.031000 -0.004500
0.030500 -0.004000
0.029500 -0.004000
0.028500 -0.004000
0.028000 -0.004500
0.027500 -0.005000
0.027000 -0.005500
0.026500 -0.006000
0.026000 -0.006500
0.026000 -0.007500
0.025500 -0.008000
0.025000 -0.008500
0.025000 -0.009500
0.025000 -0.010500
