% x y
0.020000 0.004500
0.020500 0.004000
0.021000 0.003500
0.021000 0.002500
0.021500 0.002000
0.022000 0.001500
0.022500 0.001000
0.023000 0.000500
0.023500 0.000000
0.024500 0.000000
0.025500 0.000000
0.026500 0.000000
0.027500 0.000000
0.028500 0.000000
0.029500 0.000000
0.030000 0.000500
0.030500 0.001000
0.031500 0.001000
0.032000 0.001500
0.032000 0.002500
0.032000 0.003500
0.031500 0.004000
0.030500 0.004000
0.030000 0.004500
0.029500 0.005000
0.029000 0.005500
0.029000 0.006500
0.028500 0.007000
0.028000 0.007500
0.028000 0.008500
0.027500 0.009000
0.026500 0.009000
0.025500 0.009000
0.024500 0.009000
0.023500 0.009000
0.022500 0.009000
0.021500 0.009000
0.021000 0.008500
0.020500 0.008000
0.020000 0.007500
0.020000 0.006500
0.020000 0.005500
0.020000 0.004500
