% x y
0.024000 -0.002500
0.024500 -0.003000
0.025500 -0.003000
0.026500 -0.003000
0.027500 -0.003000
0.028500 -0.003000
0.029500 -0.003000
0.030500 -0.003000
0.031500 -0.003000
0.032500 -0.003000
0.033500 -0.003000
0.034500 -0.003000
0.035500 -0.003000
0.036000 -0.002500
0.036500 -0.002000
0.037000 -0.001500
0.037000 -0.000500
0.037000 0.000500
0.037000 0.001500
0.036500 0.002000
0.035500 0.002000
0.035000 0.002500
0.034500 0.003000
0.033500 0.003000
0.032500 0.003000
0.031500 0.003000
0.030500 0.003000
0.029500 0.003000
0.028500 0.003000
0.027500 0.003000
0.026500 0.003000
0.025500 0.003000
0.025000 0.002500
0.024500 0.002000
0.024000 0.001500
0.024000 0.000500
0.024000 -0.000500
0.024000 -0.001500
0.024000 -0.002500
