% x y value
0.000000 -0.031500 0
0.000000 -0.030500 0
0.000000 -0.029500 0
0.000000 -0.028500 0
0.000000 -0.027500 0
0.000000 -0.026500 0
0.000000 -0.025500 0
0.000000 -0.024500 0
0.000000 -0.023500 0
0.000000 -0.022500 1
0.000000 -0.021500 1
0.000000 -0.020500 1
0.000000 -0.019500 1
0.000000 -0.018500 1
0.000000 -0.017500 1
0.000000 -0.016500 1
0.000000 -0.015500 1
0.000000 -0.014500 1
0.000000 -0.013500 1
0.000000 -0.012500 1
0.000000 -0.011500 1
0.000000 -0.010500 1
0.000000 -0.009500 0
0.000000 -0.008500 0
0.000000 -0.007500 0
0.000000 -0.006500 0
0.000000 -0.005500 0
0.000000 -0.004500 0
0.000000 -0.003500 0
0.000000 -0.002500 0
0.000000 -0.001500 0
0.000000 -0.000500 0
0.000000 0.000500 0
0.000000 0.001500 0
0.000000 0.002500 0
0.000000 0.003500 0
0.000000 0.004500 0
0.000000 0.005500 0
0.000000 0.006500 0
0.000000 0.007500 0
0.000000 0.008500 0
0.000000 0.009500 0
0.000000 0.010500 0
0.000000 0.011500 0
0.000000 0.012500 0
0.000000 0.013500 0
0.000000 0.014500 0
0.000000 0.015500 0
0.000000 0.016500 0
0.000000 0.017500 0
0.000000 0.018500 0
0.000000 0.019500 0
0.000000 0.020500 0
0.000000 0.021500 0
0.000000 0.022500 0
0.000000 0.023500 0
0.000000 0.024500 0
0.000000 0.025500 0
0.000000 0.026500 0
0.000000 0.027500 0
0.000000 0.028500 0
0.000000 0.029500 0
0.000000 0.030500 0
0.000000 0.031500 0
0.001500 -0.031500 0
0.001500 -0.030500 0
0.001500 -0.029500 0
0.001500 -0.028500 0
0.001500 -0.027500 0
0.001500 -0.026500 0
0.001500 -0.025500 0
0.001500 -0.024500 0
0.001500 -0.023500 0
0.001500 -0.022500 0
0.001500 -0.021500 1
0.001500 -0.020500 1
0.001500 -0.019500 1
0.001500 -0.018500 1
0.001500 -0.017500 1
0.001500 -0.016500 1
0.001500 -0.015500 1
0.001500 -0.014500 1
0.001500 -0.013500 1
0.001500 -0.012500 1
0.001500 -0.011500 1
0.001500 -0.010500 1
0.001500 -0.009500 0
0.001500 -0.008500 0
0.001500 -0.007500 0
0.001500 -0.006500 0
0.001500 -0.005500 0
0.001500 -0.004500 0
0.001500 -0.003500 0
0.001500 -0.002500 0
0.001500 -0.001500 0
0.001500 -0.000500 0
0.001500 0.000500 0
0.001500 0.001500 0
0.001500 0.002500 0
0.001500 0.003500 0
0.001500 0.004500 0
0.001500 0.005500 0
0.001500 0.006500 0
0.001500 0.007500 0
0.001500 0.008500 0
0.001500 0.009500 0
0.001500 0.010500 0
0.001500 0.011500 0
0.001500 0.012500 0
0.001500 0.013500 0
0.001500 0.014500 0
0.001500 0.015500 0
0.001500 0.016500 0
0.001500 0.017500 0
0.001500 0.018500 0
0.001500 0.019500 0
0.001500 0.020500 0
0.001500 0.021500 0
0.001500 0.022500 0
0.001500 0.023500 0
0.001500 0.024500 0
0.001500 0.025500 0
0.001500 0.026500 0
0.001500 0.027500 0
0.001500 0.028500 0
0.001500 0.029500 0
0.001500 0.030500 0
0.001500 0.031500 0
0.002500 -0.031500 0
0.002500 -0.030500 0
0.002500 -0.029500 0
0.002500 -0.028500 0
0.002500 -0.027500 0
0.002500 -0.026500 0
0.002500 -0.025500 0
0.002500 -0.024500 0
0.002500 -0.023500 0
0.002500 -0.022500 0
0.002500 -0.021500 1
0.002500 -0.020500 1
0.002500 -0.019500 1
0.002500 -0.018500 1
0.002500 -0.017500 1
0.002500 -0.016500 1
0.002500 -0.015500 1
0.002500 -0.014500 1
0.002500 -0.013500 1
0.002500 -0.012500 1
0.002500 -0.011500 1
0.002500 -0.010500 1
0.002500 -0.009500 1
0.002500 -0.008500 0
0.002500 -0.007500 0
0.002500 -0.006500 0
0.002500 -0.005500 0
0.002500 -0.004500 0
0.002500 -0.003500 0
0.002500 -0.002500 0
0.002500 -0.001500 0
0.002500 -0.000500 0
0.002500 0.000500 0
0.002500 0.001500 0
0.002500 0.002500 0
0.002500 0.003500 0
0.002500 0.004500 0
0.002500 0.005500 0
0.002500 0.006500 0
0.002500 0.007500 0
0.002500 0.008500 0
0.002500 0.009500 0
0.002500 0.010500 0
0.002500 0.011500 0
0.002500 0.012500 0
0.002500 0.013500 0
0.002500 0.014500 0
0.002500 0.015500 0
0.002500 0.016500 0
0.002500 0.017500 0
0.002500 0.018500 0
0.002500 0.019500 0
0.002500 0.020500 0
0.002500 0.021500 0
0.002500 0.022500 0
0.002500 0.023500 0
0.002500 0.024500 0
0.002500 0.025500 0
0.002500 0.026500 0
0.002500 0.027500 0
0.002500 0.028500 0
0.002500 0.029500 0
0.002500 0.030500 0
0.002500 0.031500 0
0.003500 -0.031500 0
0.003500 -0.030500 0
0.003500 -0.029500 0
0.003500 -0.028500 0
0.003500 -0.027500 0
0.003500 -0.026500 0
0.003500 -0.025500 0
0.003500 -0.024500 0
0.003500 -0.023500 0
0.003500 -0.022500 0
0.003500 -0.021500 1
0.003500 -0.020500 1
0.003500 -0.019500 1
0.003500 -0.018500 1
0.003500 -0.017500 1
0.003500 -0.016500 1
0.003500 -0.015500 1
0.003500 -0.014500 1
0.003500 -0.013500 1
0.003500 -0.012500 1
0.003500 -0.011500 1
0.003500 -0.010500 1
0.003500 -0.009500 1
0.003500 -0.008500 0
0.003500 -0.007500 0
0.003500 -0.006500 0
0.003500 -0.005500 0
0.003500 -0.004500 0
0.003500 -0.003500 0
0.003500 -0.002500 0
0.003500 -0.001500 0
0.003500 -0.000500 0
0.003500 0.000500 0
0.003500 0.001500 0
0.003500 0.002500 0
0.003500 0.003500 0
0.003500 0.004500 0
0.003500 0.005500 0
0.003500 0.006500 0
0.003500 0.007500 0
0.003500 0.008500 0
0.003500 0.009500 0
0.003500 0.010500 0
0.003500 0.011500 0
0.003500 0.012500 0
0.003500 0.013500 0
0.003500 0.014500 0
0.003500 0.015500 0
0.003500 0.016500 0
0.003500 0.017500 0
0.003500 0.018500 0
0.003500 0.019500 0
0.003500 0.020500 0
0.003500 0.021500 0
0.003500 0.022500 0
0.003500 0.023500 0
0.003500 0.024500 0
0.003500 0.025500 0
0.003500 0.026500 0
0.003500 0.027500 0
0.003500 0.028500 0
0.003500 0.029500 0
0.003500 0.030500 0
0.003500 0.031500 0
0.004500 -0.031500 0
0.004500 -0.030500 0
0.004500 -0.029500 0
0.004500 -0.028500 0
0.004500 -0.027500 0
0.004500 -0.026500 0
0.004500 -0.025500 0
0.004500 -0.024500 0
0.004500 -0.023500 0
0.004500 -0.022500 0
0.004500 -0.021500 1
0.004500 -0.020500 1
0.004500 -0.019500 1
0.004500 -0.018500 1
0.004500 -0.017500 1
0.004500 -0.016500 1
0.004500 -0.015500 1
0.004500 -0.014500 1
0.004500 -0.013500 1
0.004500 -0.012500 1
0.004500 -0.011500 1
0.004500 -0.010500 1
0.004500 -0.009500 1
0.004500 -0.008500 1
0.004500 -0.007500 0
0.004500 -0.006500 0
0.004500 -0.005500 0
0.004500 -0.004500 0
0.004500 -0.003500 0
0.004500 -0.002500 0
0.004500 -0.001500 0
0.004500 -0.000500 0
0.004500 0.000500 0
0.004500 0.001500 0
0.004500 0.002500 0
0.004500 0.003500 0
0.004500 0.004500 0
0.004500 0.005500 0
0.004500 0.006500 0
0.004500 0.007500 0
0.004500 0.008500 0
0.004500 0.009500 0
0.004500 0.010500 0
0.004500 0.011500 0
0.004500 0.012500 0
0.004500 0.013500 0
0.004500 0.014500 0
0.004500 0.015500 0
0.004500 0.016500 0
0.004500 0.017500 0
0.004500 0.018500 0
0.004500 0.019500 0
0.004500 0.020500 0
0.004500 0.021500 0
0.004500 0.022500 0
0.004500 0.023500 0
0.004500 0.024500 0
0.004500 0.025500 0
0.004500 0.026500 0
0.004500 0.027500 0
0.004500 0.028500 0
0.004500 0.029500 0
0.004500 0.030500 0
0.004500 0.031500 0
0.005500 -0.031500 0
0.005500 -0.030500 0
0.005500 -0.029500 0
0.005500 -0.028500 0
0.005500 -0.027500 0
0.005500 -0.026500 0
0.005500 -0.025500 0
0.005500 -0.024500 0
0.005500 -0.023500 0
0.005500 -0.022500 0
0.005500 -0.021500 1
0.005500 -0.020500 1
0.005500 -0.019500 1
0.005500 -0.018500 1
0.005500 -0.017500 1
0.005500 -0.016500 1
0.005500 -0.015500 1
0.005500 -0.014500 1
0.005500 -0.013500 1
0.005500 -0.012500 1
0.005500 -0.011500 1
0.005500 -0.010500 1
0.005500 -0.009500 1
0.005500 -0.008500 1
0.005500 -0.007500 0
0.005500 -0.006500 0
0.005500 -0.005500 0
0.005500 -0.004500 0
0.005500 -0.003500 0
0.005500 -0.002500 0
0.005500 -0.001500 0
0.005500 -0.000500 0
0.005500 0.000500 0
0.005500 0.001500 0
0.005500 0.002500 0
0.005500 0.003500 0
0.005500 0.004500 0
0.005500 0.005500 0
0.005500 0.006500 0
0.005500 0.007500 0
0.005500 0.008500 0
0.005500 0.009500 0
0.005500 0.010500 0
0.005500 0.011500 0
0.005500 0.012500 0
0.005500 0.013500 0
0.005500 0.014500 0
0.005500 0.015500 0
0.005500 0.016500 0
0.005500 0.017500 0
0.005500 0.018500 0
0.005500 0.019500 0
0.005500 0.020500 0
0.005500 0.021500 0
0.005500 0.022500 0
0.005500 0.023500 0
0.005500 0.024500 0
0.005500 0.025500 0
0.005500 0.026500 0
0.005500 0.027500 0
0.005500 0.028500 0
0.005500 0.029500 0
0.005500 0.030500 0
0.005500 0.031500 0
0.006500 -0.031500 0
0.006500 -0.030500 0
0.006500 -0.029500 0
0.006500 -0.028500 0
0.006500 -0.027500 0
0.006500 -0.026500 0
0.006500 -0.025500 0
0.006500 -0.024500 0
0.006500 -0.023500 0
0.006500 -0.022500 0
0.006500 -0.021500 0
0.006500 -0.020500 1
0.006500 -0.019500 1
0.006500 -0.018500 1
0.006500 -0.017500 1
0.006500 -0.016500 1
0.006500 -0.015500 1
0.006500 -0.014500 1
0.006500 -0.013500 1
0.006500 -0.012500 1
0.006500 -0.011500 1
0.006500 -0.010500 1
0.006500 -0.009500 1
0.006500 -0.008500 1
0.006500 -0.007500 1
0.006500 -0.006500 0
0.006500 -0.005500 0
0.006500 -0.004500 0
0.006500 -0.003500 0
0.006500 -0.002500 0
0.006500 -0.001500 0
0.006500 -0.000500 0
0.006500 0.000500 0
0.006500 0.001500 0
0.006500 0.002500 0
0.006500 0.003500 0
0.006500 0.004500 0
0.006500 0.005500 0
0.006500 0.006500 0
0.006500 0.007500 0
0.006500 0.008500 0
0.006500 0.009500 0
0.006500 0.010500 0
0.006500 0.011500 0
0.006500 0.012500 0
0.006500 0.013500 0
0.006500 0.014500 0
0.006500 0.015500 0
0.006500 0.016500 0
0.006500 0.017500 0
0.006500 0.018500 0
0.006500 0.019500 0
0.006500 0.020500 0
0.006500 0.021500 0
0.006500 0.022500 0
0.006500 0.023500 0
0.006500 0.024500 0
0.006500 0.025500 0
0.006500 0.026500 0
0.006500 0.027500 0
0.006500 0.028500 0
0.006500 0.029500 0
0.006500 0.030500 0
0.006500 0.031500 0
0.007500 -0.031500 0
0.007500 -0.030500 0
0.007500 -0.029500 0
0.007500 -0.028500 0
0.007500 -0.027500 0
0.007500 -0.026500 0
0.007500 -0.025500 0
0.007500 -0.024500 0
0.007500 -0.023500 0
0.007500 -0.022500 0
0.007500 -0.021500 0
0.007500 -0.020500 0
0.007500 -0.019500 1
0.007500 -0.018500 1
0.007500 -0.017500 1
0.007500 -0.016500 1
0.007500 -0.015500 1
0.007500 -0.014500 1
0.007500 -0.013500 1
0.007500 -0.012500 1
0.007500 -0.011500 1
0.007500 -0.010500 1
0.007500 -0.009500 1
0.007500 -0.008500 1
0.007500 -0.007500 1
0.007500 -0.006500 1
0.007500 -0.005500 0
0.007500 -0.004500 0
0.007500 -0.003500 0
0.007500 -0.002500 0
0.007500 -0.001500 0
0.007500 -0.000500 0
0.007500 0.000500 0
0.007500 0.001500 0
0.007500 0.002500 0
0.007500 0.003500 0
0.007500 0.004500 0
0.007500 0.005500 0
0.007500 0.006500 0
0.007500 0.007500 0
0.007500 0.008500 0
0.007500 0.009500 0
0.007500 0.010500 0
0.007500 0.011500 0
0.007500 0.012500 0
0.007500 0.013500 0
0.007500 0.014500 0
0.007500 0.015500 0
0.007500 0.016500 0
0.007500 0.017500 0
0.007500 0.018500 0
0.007500 0.019500 0
0.007500 0.020500 0
0.007500 0.021500 0
0.007500 0.022500 0
0.007500 0.023500 0
0.007500 0.024500 0
0.007500 0.025500 0
0.007500 0.026500 0
0.007500 0.027500 0
0.007500 0.028500 0
0.007500 0.029500 0
0.007500 0.030500 0
0.007500 0.031500 0
0.008500 -0.031500 0
0.008500 -0.030500 0
0.008500 -0.029500 0
0.008500 -0.028500 0
0.008500 -0.027500 0
0.008500 -0.026500 0
0.008500 -0.025500 0
0.008500 -0.024500 0
0.008500 -0.023500 0
0.008500 -0.022500 0
0.008500 -0.021500 0
0.008500 -0.020500 0
0.008500 -0.019500 0
0.008500 -0.018500 1
0.008500 -0.017500 1
0.008500 -0.016500 1
0.008500 -0.015500 1
0.008500 -0.014500 1
0.008500 -0.013500 1
0.008500 -0.012500 1
0.008500 -0.011500 1
0.008500 -0.010500 1
0.008500 -0.009500 1
0.008500 -0.008500 1
0.008500 -0.007500 1
0.008500 -0.006500 1
0.008500 -0.005500 1
0.008500 -0.004500 1
0.008500 -0.003500 0
0.008500 -0.002500 0
0.008500 -0.001500 0
0.008500 -0.000500 0
0.008500 0.000500 0
0.008500 0.001500 0
0.008500 0.002500 0
0.008500 0.003500 0
0.008500 0.004500 0
0.008500 0.005500 0
0.008500 0.006500 0
0.008500 0.007500 0
0.008500 0.008500 0
0.008500 0.009500 0
0.008500 0.010500 0
0.008500 0.011500 0
0.008500 0.012500 0
0.008500 0.013500 0
0.008500 0.014500 0
0.008500 0.015500 0
0.008500 0.016500 0
0.008500 0.017500 0
0.008500 0.018500 0
0.008500 0.019500 0
0.008500 0.020500 0
0.008500 0.021500 0
0.008500 0.022500 0
0.008500 0.023500 0
0.008500 0.024500 0
0.008500 0.025500 0
0.008500 0.026500 0
0.008500 0.027500 0
0.008500 0.028500 0
0.008500 0.029500 0
0.008500 0.030500 0
0.008500 0.031500 0
0.009500 -0.031500 0
0.009500 -0.030500 0
0.009500 -0.029500 0
0.009500 -0.028500 0
0.009500 -0.027500 0
0.009500 -0.026500 0
0.009500 -0.025500 0
0.009500 -0.024500 0
0.009500 -0.023500 0
0.009500 -0.022500 0
0.009500 -0.021500 0
0.009500 -0.020500 0
0.009500 -0.019500 0
0.009500 -0.018500 1
0.009500 -0.017500 1
0.009500 -0.016500 1
0.009500 -0.015500 1
0.009500 -0.014500 1
0.009500 -0.013500 1
0.009500 -0.012500 1
0.009500 -0.011500 1
0.009500 -0.010500 1
0.009500 -0.009500 1
0.009500 -0.008500 1
0.009500 -0.007500 1
0.009500 -0.006500 1
0.009500 -0.005500 1
0.009500 -0.004500 1
0.009500 -0.003500 1
0.009500 -0.002500 1
0.009500 -0.001500 1
0.009500 -0.000500 0
0.009500 0.000500 0
0.009500 0.001500 0
0.009500 0.002500 0
0.009500 0.003500 0
0.009500 0.004500 0
0.009500 0.005500 0
0.009500 0.006500 0
0.009500 0.007500 0
0.009500 0.008500 0
0.009500 0.009500 0
0.009500 0.010500 0
0.009500 0.011500 0
0.009500 0.012500 0
0.009500 0.013500 0
0.009500 0.014500 0
0.009500 0.015500 0
0.009500 0.016500 0
0.009500 0.017500 0
0.009500 0.018500 0
0.009500 0.019500 0
0.009500 0.020500 0
0.009500 0.021500 0
0.009500 0.022500 0
0.009500 0.023500 0
0.009500 0.024500 0
0.009500 0.025500 0
0.009500 0.026500 0
0.009500 0.027500 0
0.009500 0.028500 0
0.009500 0.029500 0
0.009500 0.030500 0
0.009500 0.031500 0
0.010500 -0.031500 0
0.010500 -0.030500 0
0.010500 -0.029500 0
0.010500 -0.028500 0
0.010500 -0.027500 0
0.010500 -0.026500 0
0.010500 -0.025500 0
0.010500 -0.024500 0
0.010500 -0.023500 0
0.010500 -0.022500 0
0.010500 -0.021500 0
0.010500 -0.020500 0
0.010500 -0.019500 0
0.010500 -0.018500 0
0.010500 -0.017500 1
0.010500 -0.016500 1
0.010500 -0.015500 1
0.010500 -0.014500 1
0.010500 -0.013500 1
0.010500 -0.012500 1
0.010500 -0.011500 1
0.010500 -0.010500 1
0.010500 -0.009500 1
0.010500 -0.008500 1
0.010500 -0.007500 1
0.010500 -0.006500 1
0.010500 -0.005500 1
0.010500 -0.004500 1
0.010500 -0.003500 1
0.010500 -0.002500 1
0.010500 -0.001500 1
0.010500 -0.000500 1
0.010500 0.000500 1
0.010500 0.001500 0
0.010500 0.002500 0
0.010500 0.003500 0
0.010500 0.004500 0
0.010500 0.005500 0
0.010500 0.006500 0
0.010500 0.007500 0
0.010500 0.008500 0
0.010500 0.009500 0
0.010500 0.010500 0
0.010500 0.011500 0
0.010500 0.012500 0
0.010500 0.013500 0
0.010500 0.014500 0
0.010500 0.015500 0
0.010500 0.016500 0
0.010500 0.017500 0
0.010500 0.018500 0
0.010500 0.019500 0
0.010500 0.020500 0
0.010500 0.021500 0
0.010500 0.022500 0
0.010500 0.023500 0
0.010500 0.024500 0
0.010500 0.025500 0
0.010500 0.026500 0
0.010500 0.027500 0
0.010500 0.028500 0
0.010500 0.029500 0
0.010500 0.030500 0
0.010500 0.031500 0
0.011500 -0.031500 0
0.011500 -0.030500 0
0.011500 -0.029500 0
0.011500 -0.028500 0
0.011500 -0.027500 0
0.011500 -0.026500 0
0.011500 -0.025500 0
0.011500 -0.024500 0
0.011500 -0.023500 0
0.011500 -0.022500 0
0.011500 -0.021500 0
0.011500 -0.020500 0
0.011500 -0.019500 0
0.011500 -0.018500 0
0.011500 -0.017500 1
0.011500 -0.016500 1
0.011500 -0.015500 1
0.011500 -0.014500 1
0.011500 -0.013500 1
0.011500 -0.012500 1
0.011500 -0.011500 1
0.011500 -0.010500 1
0.011500 -0.009500 1
0.011500 -0.008500 1
0.011500 -0.007500 1
0.011500 -0.006500 1
0.011500 -0.005500 1
0.011500 -0.004500 1
0.011500 -0.003500 1
0.011500 -0.002500 1
0.011500 -0.001500 1
0.011500 -0.000500 1
0.011500 0.000500 1
0.011500 0.001500 1
0.011500 0.002500 0
0.011500 0.003500 0
0.011500 0.004500 0
0.011500 0.005500 0
0.011500 0.006500 0
0.011500 0.007500 0
0.011500 0.008500 0
0.011500 0.009500 0
0.011500 0.010500 0
0.011500 0.011500 0
0.011500 0.012500 0
0.011500 0.013500 0
0.011500 0.014500 0
0.011500 0.015500 0
0.011500 0.016500 0
0.011500 0.017500 0
0.011500 0.018500 0
0.011500 0.019500 0
0.011500 0.020500 0
0.011500 0.021500 0
0.011500 0.022500 0
0.011500 0.023500 0
0.011500 0.024500 0
0.011500 0.025500 0
0.011500 0.026500 0
0.011500 0.027500 0
0.011500 0.028500 0
0.011500 0.029500 0
0.011500 0.030500 0
0.011500 0.031500 0
0.012500 -0.031500 0
0.012500 -0.030500 0
0.012500 -0.029500 0
0.012500 -0.028500 0
0.012500 -0.027500 0
0.012500 -0.026500 0
0.012500 -0.025500 0
0.012500 -0.024500 0
0.012500 -0.023500 0
0.012500 -0.022500 0
0.012500 -0.021500 0
0.012500 -0.020500 0
0.012500 -0.019500 0
0.012500 -0.018500 0
0.012500 -0.017500 1
0.012500 -0.016500 1
0.012500 -0.015500 1
0.012500 -0.014500 1
0.012500 -0.013500 1
0.012500 -0.012500 1
0.012500 -0.011500 1
0.012500 -0.010500 1
0.012500 -0.009500 1
0.012500 -0.008500 1
0.012500 -0.007500 1
0.012500 -0.006500 1
0.012500 -0.005500 1
0.012500 -0.004500 1
0.012500 -0.003500 1
0.012500 -0.002500 1
0.012500 -0.001500 1
0.012500 -0.000500 1
0.012500 0.000500 1
0.012500 0.001500 1
0.012500 0.002500 1
0.012500 0.003500 1
0.012500 0.004500 0
0.012500 0.005500 0
0.012500 0.006500 0
0.012500 0.007500 0
0.012500 0.008500 0
0.012500 0.009500 0
0.012500 0.010500 0
0.012500 0.011500 0
0.012500 0.012500 0
0.012500 0.013500 0
0.012500 0.014500 0
0.012500 0.015500 0
0.012500 0.016500 0
0.012500 0.017500 0
0.012500 0.018500 0
0.012500 0.019500 0
0.012500 0.020500 0
0.012500 0.021500 0
0.012500 0.022500 0
0.012500 0.023500 0
0.012500 0.024500 0
0.012500 0.025500 0
0.012500 0.026500 0
0.012500 0.027500 0
0.012500 0.028500 0
0.012500 0.029500 0
0.012500 0.030500 0
0.012500 0.031500 0
0.013500 -0.031500 0
0.013500 -0.030500 0
0.013500 -0.029500 0
0.013500 -0.028500 0
0.013500 -0.027500 0
0.013500 -0.026500 0
0.013500 -0.025500 0
0.013500 -0.024500 0
0.013500 -0.023500 0
0.013500 -0.022500 0
0.013500 -0.021500 0
0.013500 -0.020500 0
0.013500 -0.019500 0
0.013500 -0.018500 0
0.013500 -0.017500 1
0.013500 -0.016500 1
0.013500 -0.015500 1
0.013500 -0.014500 1
0.013500 -0.013500 1
0.013500 -0.012500 1
0.013500 -0.011500 1
0.013500 -0.010500 1
0.013500 -0.009500 1
0.013500 -0.008500 1
0.013500 -0.007500 1
0.013500 -0.006500 1
0.013500 -0.005500 1
0.013500 -0.004500 1
0.013500 -0.003500 1
0.013500 -0.002500 1
0.013500 -0.001500 1
0.013500 -0.000500 1
0.013500 0.000500 1
0.013500 0.001500 1
0.013500 0.002500 1
0.013500 0.003500 1
0.013500 0.004500 1
0.013500 0.005500 0
0.013500 0.006500 0
0.013500 0.007500 0
0.013500 0.008500 0
0.013500 0.009500 0
0.013500 0.010500 0
0.013500 0.011500 0
0.013500 0.012500 0
0.013500 0.013500 0
0.013500 0.014500 0
0.013500 0.015500 0
0.013500 0.016500 0
0.013500 0.017500 0
0.013500 0.018500 0
0.013500 0.019500 0
0.013500 0.020500 0
0.013500 0.021500 0
0.013500 0.022500 0
0.013500 0.023500 0
0.013500 0.024500 0
0.013500 0.025500 0
0.013500 0.026500 0
0.013500 0.027500 0
0.013500 0.028500 0
0.013500 0.029500 0
0.013500 0.030500 0
0.013500 0.031500 0
0.014500 -0.031500 0
0.014500 -0.030500 0
0.014500 -0.029500 0
0.014500 -0.028500 0
0.014500 -0.027500 0
0.014500 -0.026500 0
0.014500 -0.025500 0
0.014500 -0.024500 0
0.014500 -0.023500 0
0.014500 -0.022500 0
0.014500 -0.021500 0
0.014500 -0.020500 0
0.014500 -0.019500 0
0.014500 -0.018500 0
0.014500 -0.017500 1
0.014500 -0.016500 1
0.014500 -0.015500 1
0.014500 -0.014500 1
0.014500 -0.013500 1
0.014500 -0.012500 1
0.014500 -0.011500 1
0.014500 -0.010500 1
0.014500 -0.009500 1
0.014500 -0.008500 1
0.014500 -0.007500 1
0.014500 -0.006500 1
0.014500 -0.005500 1
0.014500 -0.004500 1
0.014500 -0.003500 1
0.014500 -0.002500 1
0.014500 -0.001500 1
0.014500 -0.000500 1
0.014500 0.000500 1
0.014500 0.001500 1
0.014500 0.002500 1
0.014500 0.003500 1
0.014500 0.004500 1
0.014500 0.005500 1
0.014500 0.006500 1
0.014500 0.007500 0
0.014500 0.008500 0
0.014500 0.009500 0
0.014500 0.010500 0
0.014500 0.011500 0
0.014500 0.012500 0
0.014500 0.013500 0
0.014500 0.014500 0
0.014500 0.015500 0
0.014500 0.016500 0
0.014500 0.017500 0
0.014500 0.018500 0
0.014500 0.019500 0
0.014500 0.020500 0
0.014500 0.021500 0
0.014500 0.022500 0
0.014500 0.023500 0
0.014500 0.024500 0
0.014500 0.025500 0
0.014500 0.026500 0
0.014500 0.027500 0
0.014500 0.028500 0
0.014500 0.029500 0
0.014500 0.030500 0
0.014500 0.031500 0
0.015500 -0.031500 0
0.015500 -0.030500 0
0.015500 -0.029500 0
0.015500 -0.028500 0
0.015500 -0.027500 0
0.015500 -0.026500 0
0.015500 -0.025500 0
0.015500 -0.024500 0
0.015500 -0.023500 0
0.015500 -0.022500 0
0.015500 -0.021500 0
0.015500 -0.020500 0
0.015500 -0.019500 0
0.015500 -0.018500 0
0.015500 -0.017500 1
0.015500 -0.016500 1
0.015500 -0.015500 1
0.015500 -0.014500 1
0.015500 -0.013500 1
0.015500 -0.012500 1
0.015500 -0.011500 1
0.015500 -0.010500 1
0.015500 -0.009500 1
0.015500 -0.008500 1
0.015500 -0.007500 1
0.015500 -0.006500 0
0.015500 -0.005500 1
0.015500 -0.004500 1
0.015500 -0.003500 1
0.015500 -0.002500 1
0.015500 -0.001500 1
0.015500 -0.000500 1
0.015500 0.000500 1
0.015500 0.001500 1
0.015500 0.002500 1
0.015500 0.003500 1
0.015500 0.004500 1
0.015500 0.005500 1
0.015500 0.006500 1
0.015500 0.007500 1
0.015500 0.008500 0
0.015500 0.009500 0
0.015500 0.010500 0
0.015500 0.011500 0
0.015500 0.012500 0
0.015500 0.013500 0
0.015500 0.014500 0
0.015500 0.015500 0
0.015500 0.016500 0
0.015500 0.017500 0
0.015500 0.018500 0
0.015500 0.019500 0
0.015500 0.020500 0
0.015500 0.021500 0
0.015500 0.022500 0
0.015500 0.023500 0
0.015500 0.024500 0
0.015500 0.025500 0
0.015500 0.026500 0
0.015500 0.027500 0
0.015500 0.028500 0
0.015500 0.029500 0
0.015500 0.030500 0
0.015500 0.031500 0
0.016500 -0.031500 0
0.016500 -0.030500 0
0.016500 -0.029500 0
0.016500 -0.028500 0
0.016500 -0.027500 0
0.016500 -0.026500 0
0.016500 -0.025500 0
0.016500 -0.024500 0
0.016500 -0.023500 0
0.016500 -0.022500 0
0.016500 -0.021500 0
0.016500 -0.020500 0
0.016500 -0.019500 0
0.016500 -0.018500 0
0.016500 -0.017500 1
0.016500 -0.016500 1
0.016500 -0.015500 1
0.016500 -0.014500 1
0.016500 -0.013500 1
0.016500 -0.012500 1
0.016500 -0.011500 1
0.016500 -0.010500 1
0.016500 -0.009500 1
0.016500 -0.008500 1
0.016500 -0.007500 0
0.016500 -0.006500 0
0.016500 -0.005500 0
0.016500 -0.004500 0
0.016500 -0.003500 0
0.016500 -0.002500 1
0.016500 -0.001500 1
0.016500 -0.000500 1
0.016500 0.000500 1
0.016500 0.001500 1
0.016500 0.002500 1
0.016500 0.003500 1
0.016500 0.004500 1
0.016500 0.005500 1
0.016500 0.006500 1
0.016500 0.007500 1
0.016500 0.008500 0
0.016500 0.009500 0
0.016500 0.010500 0
0.016500 0.011500 0
0.016500 0.012500 0
0.016500 0.013500 0
0.016500 0.014500 0
0.016500 0.015500 0
0.016500 0.016500 0
0.016500 0.017500 0
0.016500 0.018500 0
0.016500 0.019500 0
0.016500 0.020500 0
0.016500 0.021500 0
0.016500 0.022500 0
0.016500 0.023500 0
0.016500 0.024500 0
0.016500 0.025500 0
0.016500 0.026500 0
0.016500 0.027500 0
0.016500 0.028500 0
0.016500 0.029500 0
0.016500 0.030500 0
0.016500 0.031500 0
0.017500 -0.031500 0
0.017500 -0.030500 0
0.017500 -0.029500 0
0.017500 -0.028500 0
0.017500 -0.027500 0
0.017500 -0.026500 0
0.017500 -0.025500 0
0.017500 -0.024500 0
0.017500 -0.023500 0
0.017500 -0.022500 0
0.017500 -0.021500 0
0.017500 -0.020500 0
0.017500 -0.019500 0
0.017500 -0.018500 1
0.017500 -0.017500 1
0.017500 -0.016500 1
0.017500 -0.015500 1
0.017500 -0.014500 1
0.017500 -0.013500 1
0.017500 -0.012500 1
0.017500 -0.011500 1
0.017500 -0.010500 1
0.017500 -0.009500 1
0.017500 -0.008500 0
0.017500 -0.007500 0
0.017500 -0.006500 0
0.017500 -0.005500 0
0.017500 -0.004500 0
0.017500 -0.003500 0
0.017500 -0.002500 0
0.017500 -0.001500 1
0.017500 -0.000500 1
0.017500 0.000500 1
0.017500 0.001500 1
0.017500 0.002500 1
0.017500 0.003500 1
0.017500 0.004500 1
0.017500 0.005500 1
0.017500 0.006500 1
0.017500 0.007500 1
0.017500 0.008500 1
0.017500 0.009500 0
0.017500 0.010500 0
0.017500 0.011500 0
0.017500 0.012500 0
0.017500 0.013500 0
0.017500 0.014500 0
0.017500 0.015500 0
0.017500 0.016500 0
0.017500 0.017500 0
0.017500 0.018500 0
0.017500 0.019500 0
0.017500 0.020500 0
0.017500 0.021500 0
0.017500 0.022500 0
0.017500 0.023500 0
0.017500 0.024500 0
0.017500 0.025500 0
0.017500 0.026500 0
0.017500 0.027500 0
0.017500 0.028500 0
0.017500 0.029500 0
0.017500 0.030500 0
0.017500 0.031500 0
0.018500 -0.031500 0
0.018500 -0.030500 0
0.018500 -0.029500 0
0.018500 -0.028500 0
0.018500 -0.027500 0
0.018500 -0.026500 0
0.018500 -0.025500 0
0.018500 -0.024500 0
0.018500 -0.023500 0
0.018500 -0.022500 0
0.018500 -0.021500 0
0.018500 -0.020500 0
0.018500 -0.019500 1
0.018500 -0.018500 1
0.018500 -0.017500 1
0.018500 -0.016500 1
0.018500 -0.015500 1
0.018500 -0.014500 1
0.018500 -0.013500 1
0.018500 -0.012500 1
0.018500 -0.011500 1
0.018500 -0.010500 1
0.018500 -0.009500 0
0.018500 -0.008500 0
0.018500 -0.007500 0
0.018500 -0.006500 0
0.018500 -0.005500 0
0.018500 -0.004500 0
0.018500 -0.003500 0
0.018500 -0.002500 0
0.018500 -0.001500 0
0.018500 -0.000500 1
0.018500 0.000500 1
0.018500 0.001500 1
0.018500 0.002500 1
0.018500 0.003500 1
0.018500 0.004500 1
0.018500 0.005500 1
0.018500 0.006500 1
0.018500 0.007500 1
0.018500 0.008500 1
0.018500 0.009500 0
0.018500 0.010500 0
0.018500 0.011500 0
0.018500 0.012500 0
0.018500 0.013500 0
0.018500 0.014500 0
0.018500 0.015500 0
0.018500 0.016500 0
0.018500 0.017500 0
0.018500 0.018500 0
0.018500 0.019500 0
0.018500 0.020500 0
0.018500 0.021500 0
0.018500 0.022500 0
0.018500 0.023500 0
0.018500 0.024500 0
0.018500 0.025500 0
0.018500 0.026500 0
0.018500 0.027500 0
0.018500 0.028500 0
0.018500 0.029500 0
0.018500 0.030500 0
0.018500 0.031500 0
0.019500 -0.031500 0
0.019500 -0.030500 0
0.019500 -0.029500 0
0.019500 -0.028500 0
0.019500 -0.027500 0
0.019500 -0.026500 0
0.019500 -0.025500 0
0.019500 -0.024500 0
0.019500 -0.023500 0
0.019500 -0.022500 0
0.019500 -0.021500 0
0.019500 -0.020500 1
0.019500 -0.019500 1
0.019500 -0.018500 1
0.019500 -0.017500 1
0.019500 -0.016500 1
0.019500 -0.015500 1
0.019500 -0.014500 1
0.019500 -0.013500 1
0.019500 -0.012500 1
0.019500 -0.011500 1
0.019500 -0.010500 1
0.019500 -0.009500 0
0.019500 -0.008500 0
0.019500 -0.007500 0
0.019500 -0.006500 0
0.019500 -0.005500 0
0.019500 -0.004500 0
0.019500 -0.003500 0
0.019500 -0.002500 0
0.019500 -0.001500 0
0.019500 -0.000500 0
0.019500 0.000500 1
0.019500 0.001500 1
0.019500 0.002500 1
0.019500 0.003500 1
0.019500 0.004500 1
0.019500 0.005500 1
0.019500 0.006500 1
0.019500 0.007500 1
0.019500 0.008500 1
0.019500 0.009500 1
0.019500 0.010500 1
0.019500 0.011500 0
0.019500 0.012500 0
0.019500 0.013500 0
0.019500 0.014500 0
0.019500 0.015500 0
0.019500 0.016500 0
0.019500 0.017500 0
0.019500 0.018500 0
0.019500 0.019500 0
0.019500 0.020500 0
0.019500 0.021500 0
0.019500 0.022500 0
0.019500 0.023500 0
0.019500 0.024500 0
0.019500 0.025500 0
0.019500 0.026500 0
0.019500 0.027500 0
0.019500 0.028500 0
0.019500 0.029500 0
0.019500 0.030500 0
0.019500 0.031500 0
0.020500 -0.031500 0
0.020500 -0.030500 0
0.020500 -0.029500 0
0.020500 -0.028500 0
0.020500 -0.027500 0
0.020500 -0.026500 0
0.020500 -0.025500 0
0.020500 -0.024500 0
0.020500 -0.023500 0
0.020500 -0.022500 0
0.020500 -0.021500 0
0.020500 -0.020500 1
0.020500 -0.019500 1
0.020500 -0.018500 1
0.020500 -0.017500 1
0.020500 -0.016500 1
0.020500 -0.015500 1
0.020500 -0.014500 1
0.020500 -0.013500 1
0.020500 -0.012500 1
0.020500 -0.011500 1
0.020500 -0.010500 0
0.020500 -0.009500 0
0.020500 -0.008500 0
0.020500 -0.007500 0
0.020500 -0.006500 0
0.020500 -0.005500 0
0.020500 -0.004500 0
0.020500 -0.003500 0
0.020500 -0.002500 0
0.020500 -0.001500 0
0.020500 -0.000500 0
0.020500 0.000500 0
0.020500 0.001500 1
0.020500 0.002500 1
0.020500 0.003500 1
0.020500 0.004500 1
0.020500 0.005500 1
0.020500 0.006500 1
0.020500 0.007500 1
0.020500 0.008500 1
0.020500 0.009500 1
0.020500 0.010500 1
0.020500 0.011500 1
0.020500 0.012500 1
0.020500 0.013500 1
0.020500 0.014500 0
0.020500 0.015500 0
0.020500 0.016500 0
0.020500 0.017500 0
0.020500 0.018500 0
0.020500 0.019500 0
0.020500 0.020500 0
0.020500 0.021500 0
0.020500 0.022500 0
0.020500 0.023500 0
0.020500 0.024500 0
0.020500 0.025500 0
0.020500 0.026500 0
0.020500 0.027500 0
0.020500 0.028500 0
0.020500 0.029500 0
0.020500 0.030500 0
0.020500 0.031500 0
0.021500 -0.031500 0
0.021500 -0.030500 0
0.021500 -0.029500 0
0.021500 -0.028500 0
0.021500 -0.027500 0
0.021500 -0.026500 0
0.021500 -0.025500 0
0.021500 -0.024500 0
0.021500 -0.023500 0
0.021500 -0.022500 0
0.021500 -0.021500 1
0.021500 -0.020500 1
0.021500 -0.019500 1
0.021500 -0.018500 1
0.021500 -0.017500 1
0.021500 -0.016500 1
0.021500 -0.015500 1
0.021500 -0.014500 1
0.021500 -0.013500 1
0.021500 -0.012500 1
0.021500 -0.011500 0
0.021500 -0.010500 0
0.021500 -0.009500 0
0.021500 -0.008500 0
0.021500 -0.007500 0
0.021500 -0.006500 0
0.021500 -0.005500 0
0.021500 -0.004500 0
0.021500 -0.003500 0
0.021500 -0.002500 0
0.021500 -0.001500 0
0.021500 -0.000500 0
0.021500 0.000500 0
0.021500 0.001500 0
0.021500 0.002500 1
0.021500 0.003500 1
0.021500 0.004500 1
0.021500 0.005500 1
0.021500 0.006500 1
0.021500 0.007500 1
0.021500 0.008500 1
0.021500 0.009500 1
0.021500 0.010500 1
0.021500 0.011500 1
0.021500 0.012500 1
0.021500 0.013500 1
0.021500 0.014500 1
0.021500 0.015500 0
0.021500 0.016500 0
0.021500 0.017500 0
0.021500 0.018500 0
0.021500 0.019500 0
0.021500 0.020500 0
0.021500 0.021500 0
0.021500 0.022500 0
0.021500 0.023500 0
0.021500 0.024500 0
0.021500 0.025500 0
0.021500 0.026500 0
0.021500 0.027500 0
0.021500 0.028500 0
0.021500 0.029500 0
0.021500 0.030500 0
0.021500 0.031500 0
0.022500 -0.031500 0
0.022500 -0.030500 0
0.022500 -0.029500 0
0.022500 -0.028500 0
0.022500 -0.027500 0
0.022500 -0.026500 0
0.022500 -0.025500 0
0.022500 -0.024500 0
0.022500 -0.023500 0
0.022500 -0.022500 1
0.022500 -0.021500 1
0.022500 -0.020500 1
0.022500 -0.019500 1
0.022500 -0.018500 1
0.022500 -0.017500 1
0.022500 -0.016500 1
0.022500 -0.015500 1
0.022500 -0.014500 1
0.022500 -0.013500 1
0.022500 -0.012500 0
0.022500 -0.011500 0
0.022500 -0.010500 0
0.022500 -0.009500 0
0.022500 -0.008500 0
0.022500 -0.007500 0
0.022500 -0.006500 0
0.022500 -0.005500 0
0.022500 -0.004500 0
0.022500 -0.003500 0
0.022500 -0.002500 0
0.022500 -0.001500 0
0.022500 -0.000500 0
0.022500 0.000500 0
0.022500 0.001500 0
0.022500 0.002500 0
0.022500 0.003500 0
0.022500 0.004500 1
0.022500 0.005500 1
0.022500 0.006500 1
0.022500 0.007500 1
0.022500 0.008500 1
0.022500 0.009500 1
0.022500 0.010500 1
0.022500 0.011500 1
0.022500 0.012500 1
0.022500 0.013500 1
0.022500 0.014500 1
0.022500 0.015500 0
0.022500 0.016500 0
0.022500 0.017500 0
0.022500 0.018500 0
0.022500 0.019500 0
0.022500 0.020500 0
0.022500 0.021500 0
0.022500 0.022500 0
0.022500 0.023500 0
0.022500 0.024500 0
0.022500 0.025500 0
0.022500 0.026500 0
0.022500 0.027500 0
0.022500 0.028500 0
0.022500 0.029500 0
0.022500 0.030500 0
0.022500 0.031500 0
0.023500 -0.031500 0
0.023500 -0.030500 0
0.023500 -0.029500 0
0.023500 -0.028500 0
0.023500 -0.027500 0
0.023500 -0.026500 0
0.023500 -0.025500 0
0.023500 -0.024500 0
0.023500 -0.023500 0
0.023500 -0.022500 1
0.023500 -0.021500 1
0.023500 -0.020500 1
0.023500 -0.019500 1
0.023500 -0.018500 1
0.023500 -0.017500 1
0.023500 -0.016500 1
0.023500 -0.015500 1
0.023500 -0.014500 1
0.023500 -0.013500 0
0.023500 -0.012500 0
0.023500 -0.011500 0
0.023500 -0.010500 0
0.023500 -0.009500 0
0.023500 -0.008500 0
0.023500 -0.007500 0
0.023500 -0.006500 0
0.023500 -0.005500 0
0.023500 -0.004500 0
0.023500 -0.003500 0
0.023500 -0.002500 0
0.023500 -0.001500 0
0.023500 -0.000500 0
0.023500 0.000500 0
0.023500 0.001500 0
0.023500 0.002500 0
0.023500 0.003500 0
0.023500 0.004500 0
0.023500 0.005500 1
0.023500 0.006500 1
0.023500 0.007500 1
0.023500 0.008500 1
0.023500 0.009500 1
0.023500 0.010500 1
0.023500 0.011500 1
0.023500 0.012500 1
0.023500 0.013500 1
0.023500 0.014500 1
0.023500 0.015500 0
0.023500 0.016500 0
0.023500 0.017500 0
0.023500 0.018500 0
0.023500 0.019500 0
0.023500 0.020500 0
0.023500 0.021500 0
0.023500 0.022500 0
0.023500 0.023500 0
0.023500 0.024500 0
0.023500 0.025500 0
0.023500 0.026500 0
0.023500 0.027500 0
0.023500 0.028500 0
0.023500 0.029500 0
0.023500 0.030500 0
0.023500 0.031500 0
0.024500 -0.031500 0
0.024500 -0.030500 0
0.024500 -0.029500 0
0.024500 -0.028500 0
0.024500 -0.027500 0
0.024500 -0.026500 0
0.024500 -0.025500 0
0.024500 -0.024500 0
0.024500 -0.023500 0
0.024500 -0.022500 1
0.024500 -0.021500 1
0.024500 -0.020500 1
0.024500 -0.019500 1
0.024500 -0.018500 1
0.024500 -0.017500 1
0.024500 -0.016500 1
0.024500 -0.015500 1
0.024500 -0.014500 1
0.024500 -0.013500 0
0.024500 -0.012500 0
0.024500 -0.011500 0
0.024500 -0.010500 0
0.024500 -0.009500 0
0.024500 -0.008500 0
0.024500 -0.007500 0
0.024500 -0.006500 0
0.024500 -0.005500 0
0.024500 -0.004500 0
0.024500 -0.003500 0
0.024500 -0.002500 0
0.024500 -0.001500 0
0.024500 -0.000500 0
0.024500 0.000500 0
0.024500 0.001500 0
0.024500 0.002500 0
0.024500 0.003500 0
0.024500 0.004500 0
0.024500 0.005500 0
0.024500 0.006500 1
0.024500 0.007500 1
0.024500 0.008500 1
0.024500 0.009500 1
0.024500 0.010500 1
0.024500 0.011500 1
0.024500 0.012500 1
0.024500 0.013500 1
0.024500 0.014500 1
0.024500 0.015500 1
0.024500 0.016500 0
0.024500 0.017500 0
0.024500 0.018500 0
0.024500 0.019500 0
0.024500 0.020500 0
0.024500 0.021500 0
0.024500 0.022500 0
0.024500 0.023500 0
0.024500 0.024500 0
0.024500 0.025500 0
0.024500 0.026500 0
0.024500 0.027500 0
0.024500 0.028500 0
0.024500 0.029500 0
0.024500 0.030500 0
0.024500 0.031500 0
0.025500 -0.031500 0
0.025500 -0.030500 0
0.025500 -0.029500 0
0.025500 -0.028500 0
0.025500 -0.027500 0
0.025500 -0.026500 0
0.025500 -0.025500 0
0.025500 -0.024500 0
0.025500 -0.023500 0
0.025500 -0.022500 1
0.025500 -0.021500 1
0.025500 -0.020500 1
0.025500 -0.019500 1
0.025500 -0.018500 1
0.025500 -0.017500 1
0.025500 -0.016500 1
0.025500 -0.015500 1
0.025500 -0.014500 0
0.025500 -0.013500 0
0.025500 -0.012500 0
0.025500 -0.011500 0
0.025500 -0.010500 0
0.025500 -0.009500 0
0.025500 -0.008500 0
0.025500 -0.007500 0
0.025500 -0.006500 0
0.025500 -0.005500 0
0.025500 -0.004500 0
0.025500 -0.003500 0
0.025500 -0.002500 0
0.025500 -0.001500 0
0.025500 -0.000500 0
0.025500 0.000500 0
0.025500 0.001500 0
0.025500 0.002500 0
0.025500 0.003500 0
0.025500 0.004500 0
0.025500 0.005500 0
0.025500 0.006500 0
0.025500 0.007500 1
0.025500 0.008500 1
0.025500 0.009500 1
0.025500 0.010500 1
0.025500 0.011500 1
0.025500 0.012500 1
0.025500 0.013500 1
0.025500 0.014500 1
0.025500 0.015500 1
0.025500 0.016500 0
0.025500 0.017500 0
0.025500 0.018500 0
0.025500 0.019500 0
0.025500 0.020500 0
0.025500 0.021500 0
0.025500 0.022500 0
0.025500 0.023500 0
0.025500 0.024500 0
0.025500 0.025500 0
0.025500 0.026500 0
0.025500 0.027500 0
0.025500 0.028500 0
0.025500 0.029500 0
0.025500 0.030500 0
0.025500 0.031500 0
0.026500 -0.031500 0
0.026500 -0.030500 0
0.026500 -0.029500 0
0.026500 -0.028500 0
0.026500 -0.027500 0
0.026500 -0.026500 0
0.026500 -0.025500 0
0.026500 -0.024500 0
0.026500 -0.023500 0
0.026500 -0.022500 1
0.026500 -0.021500 1
0.026500 -0.020500 1
0.026500 -0.019500 1
0.026500 -0.018500 1
0.026500 -0.017500 1
0.026500 -0.016500 1
0.026500 -0.015500 0
0.026500 -0.014500 0
0.026500 -0.013500 0
0.026500 -0.012500 0
0.026500 -0.011500 0
0.026500 -0.010500 0
0.026500 -0.009500 0
0.026500 -0.008500 0
0.026500 -0.007500 0
0.026500 -0.006500 0
0.026500 -0.005500 0
0.026500 -0.004500 0
0.026500 -0.003500 0
0.026500 -0.002500 0
0.026500 -0.001500 0
0.026500 -0.000500 0
0.026500 0.000500 0
0.026500 0.001500 0
0.026500 0.002500 0
0.026500 0.003500 0
0.026500 0.004500 0
0.026500 0.005500 0
0.026500 0.006500 0
0.026500 0.007500 0
0.026500 0.008500 1
0.026500 0.009500 1
0.026500 0.010500 1
0.026500 0.011500 1
0.026500 0.012500 1
0.026500 0.013500 1
0.026500 0.014500 1
0.026500 0.015500 1
0.026500 0.016500 1
0.026500 0.017500 0
0.026500 0.018500 0
0.026500 0.019500 0
0.026500 0.020500 0
0.026500 0.021500 0
0.026500 0.022500 0
0.026500 0.023500 0
0.026500 0.024500 0
0.026500 0.025500 0
0.026500 0.026500 0
0.026500 0.027500 0
0.026500 0.028500 0
0.026500 0.029500 0
0.026500 0.030500 0
0.026500 0.031500 0
0.027500 -0.031500 0
0.027500 -0.030500 0
0.027500 -0.029500 0
0.027500 -0.028500 0
0.027500 -0.027500 0
0.027500 -0.026500 0
0.027500 -0.025500 0
0.027500 -0.024500 0
0.027500 -0.023500 0
0.027500 -0.022500 1
0.027500 -0.021500 1
0.027500 -0.020500 1
0.027500 -0.019500 1
0.027500 -0.018500 1
0.027500 -0.017500 1
0.027500 -0.016500 1
0.027500 -0.015500 0
0.027500 -0.014500 0
0.027500 -0.013500 0
0.027500 -0.012500 0
0.027500 -0.011500 0
0.027500 -0.010500 0
0.027500 -0.009500 0
0.027500 -0.008500 0
0.027500 -0.007500 0
0.027500 -0.006500 0
0.027500 -0.005500 0
0.027500 -0.004500 0
0.027500 -0.003500 0
0.027500 -0.002500 0
0.027500 -0.001500 0
0.027500 -0.000500 0
0.027500 0.000500 0
0.027500 0.001500 0
0.027500 0.002500 0
0.027500 0.003500 0
0.027500 0.004500 0
0.027500 0.005500 0
0.027500 0.006500 0
0.027500 0.007500 0
0.027500 0.008500 0
0.027500 0.009500 1
0.027500 0.010500 1
0.027500 0.011500 1
0.027500 0.012500 1
0.027500 0.013500 1
0.027500 0.014500 1
0.027500 0.015500 1
0.027500 0.016500 1
0.027500 0.017500 1
0.027500 0.018500 1
0.027500 0.019500 0
0.027500 0.020500 0
0.027500 0.021500 0
0.027500 0.022500 0
0.027500 0.023500 0
0.027500 0.024500 0
0.027500 0.025500 0
0.027500 0.026500 0
0.027500 0.027500 0
0.027500 0.028500 0
0.027500 0.029500 0
0.027500 0.030500 0
0.027500 0.031500 0
0.028500 -0.031500 0
0.028500 -0.030500 0
0.028500 -0.029500 0
0.028500 -0.028500 0
0.028500 -0.027500 0
0.028500 -0.026500 0
0.028500 -0.025500 0
0.028500 -0.024500 0
0.028500 -0.023500 0
0.028500 -0.022500 1
0.028500 -0.021500 1
0.028500 -0.020500 1
0.028500 -0.019500 1
0.028500 -0.018500 1
0.028500 -0.017500 1
0.028500 -0.016500 1
0.028500 -0.015500 0
0.028500 -0.014500 0
0.028500 -0.013500 0
0.028500 -0.012500 0
0.028500 -0.011500 0
0.028500 -0.010500 0
0.028500 -0.009500 0
0.028500 -0.008500 0
0.028500 -0.007500 0
0.028500 -0.006500 0
0.028500 -0.005500 0
0.028500 -0.004500 0
0.028500 -0.003500 0
0.028500 -0.002500 0
0.028500 -0.001500 0
0.028500 -0.000500 0
0.028500 0.000500 0
0.028500 0.001500 0
0.028500 0.002500 0
0.028500 0.003500 0
0.028500 0.004500 0
0.028500 0.005500 0
0.028500 0.006500 0
0.028500 0.007500 0
0.028500 0.008500 0
0.028500 0.009500 0
0.028500 0.010500 1
0.028500 0.011500 1
0.028500 0.012500 1
0.028500 0.013500 1
0.028500 0.014500 1
0.028500 0.015500 1
0.028500 0.016500 1
0.028500 0.017500 1
0.028500 0.018500 1
0.028500 0.019500 1
0.028500 0.020500 0
0.028500 0.021500 0
0.028500 0.022500 0
0.028500 0.023500 0
0.028500 0.024500 0
0.028500 0.025500 0
0.028500 0.026500 0
0.028500 0.027500 0
0.028500 0.028500 0
0.028500 0.029500 0
0.028500 0.030500 0
0.028500 0.031500 0
0.029500 -0.031500 0
0.029500 -0.030500 0
0.029500 -0.029500 0
0.029500 -0.028500 0
0.029500 -0.027500 0
0.029500 -0.026500 0
0.029500 -0.025500 0
0.029500 -0.024500 0
0.029500 -0.023500 0
0.029500 -0.022500 1
0.029500 -0.021500 1
0.029500 -0.020500 1
0.029500 -0.019500 1
0.029500 -0.018500 1
0.029500 -0.017500 1
0.029500 -0.016500 1
0.029500 -0.015500 1
0.029500 -0.014500 0
0.029500 -0.013500 0
0.029500 -0.012500 0
0.029500 -0.011500 0
0.029500 -0.010500 0
0.029500 -0.009500 0
0.029500 -0.008500 0
0.029500 -0.007500 0
0.029500 -0.006500 0
0.029500 -0.005500 0
0.029500 -0.004500 0
0.029500 -0.003500 0
0.029500 -0.002500 0
0.029500 -0.001500 0
0.029500 -0.000500 0
0.029500 0.000500 0
0.029500 0.001500 0
0.029500 0.002500 0
0.029500 0.003500 0
0.029500 0.004500 0
0.029500 0.005500 0
0.029500 0.006500 0
0.029500 0.007500 0
0.029500 0.008500 0
0.029500 0.009500 0
0.029500 0.010500 0
0.029500 0.011500 1
0.029500 0.012500 1
0.029500 0.013500 1
0.029500 0.014500 1
0.029500 0.015500 1
0.029500 0.016500 1
0.029500 0.017500 1
0.029500 0.018500 1
0.029500 0.019500 1
0.029500 0.020500 1
0.029500 0.021500 1
0.029500 0.022500 0
0.029500 0.023500 0
0.029500 0.024500 0
0.029500 0.025500 0
0.029500 0.026500 0
0.029500 0.027500 0
0.029500 0.028500 0
0.029500 0.029500 0
0.029500 0.030500 0
0.029500 0.031500 0
0.030500 -0.031500 0
0.030500 -0.030500 0
0.030500 -0.029500 0
0.030500 -0.028500 0
0.030500 -0.027500 0
0.030500 -0.026500 0
0.030500 -0.025500 0
0.030500 -0.024500 0
0.030500 -0.023500 0
0.030500 -0.022500 1
0.030500 -0.021500 1
0.030500 -0.020500 1
0.030500 -0.019500 1
0.030500 -0.018500 1
0.030500 -0.017500 1
0.030500 -0.016500 1
0.030500 -0.015500 1
0.030500 -0.014500 1
0.030500 -0.013500 0
0.030500 -0.012500 0
0.030500 -0.011500 0
0.030500 -0.010500 0
0.030500 -0.009500 0
0.030500 -0.008500 0
0.030500 -0.007500 0
0.030500 -0.006500 0
0.030500 -0.005500 0
0.030500 -0.004500 0
0.030500 -0.003500 0
0.030500 -0.002500 0
0.030500 -0.001500 0
0.030500 -0.000500 0
0.030500 0.000500 0
0.030500 0.001500 0
0.030500 0.002500 0
0.030500 0.003500 0
0.030500 0.004500 0
0.030500 0.005500 0
0.030500 0.006500 0
0.030500 0.007500 0
0.030500 0.008500 0
0.030500 0.009500 0
0.030500 0.010500 0
0.030500 0.011500 0
0.030500 0.012500 1
0.030500 0.013500 1
0.030500 0.014500 1
0.030500 0.015500 1
0.030500 0.016500 1
0.030500 0.017500 1
0.030500 0.018500 1
0.030500 0.019500 1
0.030500 0.020500 1
0.030500 0.021500 1
0.030500 0.022500 1
0.030500 0.023500 0
0.030500 0.024500 0
0.030500 0.025500 0
0.030500 0.026500 0
0.030500 0.027500 0
0.030500 0.028500 0
0.030500 0.029500 0
0.030500 0.030500 0
0.030500 0.031500 0
0.031500 -0.031500 0
0.031500 -0.030500 0
0.031500 -0.029500 0
0.031500 -0.028500 0
0.031500 -0.027500 0
0.031500 -0.026500 0
0.031500 -0.025500 0
0.031500 -0.024500 0
0.031500 -0.023500 0
0.031500 -0.022500 1
0.031500 -0.021500 1
0.031500 -0.020500 1
0.031500 -0.019500 1
0.031500 -0.018500 1
0.031500 -0.017500 1
0.031500 -0.016500 1
0.031500 -0.015500 1
0.031500 -0.014500 1
0.031500 -0.013500 1
0.031500 -0.012500 0
0.031500 -0.011500 0
0.031500 -0.010500 0
0.031500 -0.009500 0
0.031500 -0.008500 0
0.031500 -0.007500 0
0.031500 -0.006500 0
0.031500 -0.005500 0
0.031500 -0.004500 0
0.031500 -0.003500 0
0.031500 -0.002500 0
0.031500 -0.001500 0
0.031500 -0.000500 0
0.031500 0.000500 0
0.031500 0.001500 0
0.031500 0.002500 0
0.031500 0.003500 0
0.031500 0.004500 0
0.031500 0.005500 0
0.031500 0.006500 0
0.031500 0.007500 0
0.031500 0.008500 0
0.031500 0.009500 0
0.031500 0.010500 0
0.031500 0.011500 0
0.031500 0.012500 0
0.031500 0.013500 1
0.031500 0.014500 1
0.031500 0.015500 1
0.031500 0.016500 1
0.031500 0.017500 1
0.031500 0.018500 1
0.031500 0.019500 1
0.031500 0.020500 1
0.031500 0.021500 1
0.031500 0.022500 1
0.031500 0.023500 0
0.031500 0.024500 0
0.031500 0.025500 0
0.031500 0.026500 0
0.031500 0.027500 0
0.031500 0.028500 0
0.031500 0.029500 0
0.031500 0.030500 0
0.031500 0.031500 0
0.032500 -0.031500 0
0.032500 -0.030500 0
0.032500 -0.029500 0
0.032500 -0.028500 0
0.032500 -0.027500 0
0.032500 -0.026500 0
0.032500 -0.025500 0
0.032500 -0.024500 0
0.032500 -0.023500 0
0.032500 -0.022500 0
0.032500 -0.021500 1
0.032500 -0.020500 1
0.032500 -0.019500 1
0.032500 -0.018500 1
0.032500 -0.017500 1
0.032500 -0.016500 1
0.032500 -0.015500 1
0.032500 -0.014500 1
0.032500 -0.013500 1
0.032500 -0.012500 1
0.032500 -0.011500 0
0.032500 -0.010500 0
0.032500 -0.009500 0
0.032500 -0.008500 0
0.032500 -0.007500 0
0.032500 -0.006500 0
0.032500 -0.005500 0
0.032500 -0.004500 0
0.032500 -0.003500 0
0.032500 -0.002500 0
0.032500 -0.001500 0
0.032500 -0.000500 0
0.032500 0.000500 0
0.032500 0.001500 0
0.032500 0.002500 0
0.032500 0.003500 0
0.032500 0.004500 0
0.032500 0.005500 0
0.032500 0.006500 0
0.032500 0.007500 0
0.032500 0.008500 0
0.032500 0.009500 0
0.032500 0.010500 0
0.032500 0.011500 0
0.032500 0.012500 0
0.032500 0.013500 1
0.032500 0.014500 1
0.032500 0.015500 1
0.032500 0.016500 1
0.032500 0.017500 1
0.032500 0.018500 1
0.032500 0.019500 1
0.032500 0.020500 1
0.032500 0.021500 1
0.032500 0.022500 1
0.032500 0.023500 1
0.032500 0.024500 0
0.032500 0.025500 0
0.032500 0.026500 0
0.032500 0.027500 0
0.032500 0.028500 0
0.032500 0.029500 0
0.032500 0.030500 0
0.032500 0.031500 0
0.033500 -0.031500 0
0.033500 -0.030500 0
0.033500 -0.029500 0
0.033500 -0.028500 0
0.033500 -0.027500 0
0.033500 -0.026500 0
0.033500 -0.025500 0
0.033500 -0.024500 0
0.033500 -0.023500 0
0.033500 -0.022500 0
0.033500 -0.021500 0
0.033500 -0.020500 1
0.033500 -0.019500 1
0.033500 -0.018500 1
0.033500 -0.017500 1
0.033500 -0.016500 1
0.033500 -0.015500 1
0.033500 -0.014500 1
0.033500 -0.013500 1
0.033500 -0.012500 1
0.033500 -0.011500 1
0.033500 -0.010500 1
0.033500 -0.009500 0
0.033500 -0.008500 0
0.033500 -0.007500 0
0.033500 -0.006500 0
0.033500 -0.005500 0
0.033500 -0.004500 0
0.033500 -0.003500 0
0.033500 -0.002500 0
0.033500 -0.001500 0
0.033500 -0.000500 0
0.033500 0.000500 0
0.033500 0.001500 0
0.033500 0.002500 0
0.033500 0.003500 0
0.033500 0.004500 0
0.033500 0.005500 0
0.033500 0.006500 0
0.033500 0.007500 0
0.033500 0.008500 0
0.033500 0.009500 0
0.033500 0.010500 0
0.033500 0.011500 0
0.033500 0.012500 0
0.033500 0.013500 0
0.033500 0.014500 1
0.033500 0.015500 1
0.033500 0.016500 1
0.033500 0.017500 1
0.033500 0.018500 1
0.033500 0.019500 1
0.033500 0.020500 1
0.033500 0.021500 1
0.033500 0.022500 1
0.033500 0.023500 1
0.033500 0.024500 0
0.033500 0.025500 0
0.033500 0.026500 0
0.033500 0.027500 0
0.033500 0.028500 0
0.033500 0.029500 0
0.033500 0.030500 0
0.033500 0.031500 0
0.034500 -0.031500 0
0.034500 -0.030500 0
0.034500 -0.029500 0
0.034500 -0.028500 0
0.034500 -0.027500 0
0.034500 -0.026500 0
0.034500 -0.025500 0
0.034500 -0.024500 0
0.034500 -0.023500 0
0.034500 -0.022500 0
0.034500 -0.021500 0
0.034500 -0.020500 0
0.034500 -0.019500 1
0.034500 -0.018500 1
0.034500 -0.017500 1
0.034500 -0.016500 1
0.034500 -0.015500 1
0.034500 -0.014500 1
0.034500 -0.013500 1
0.034500 -0.012500 1
0.034500 -0.011500 1
0.034500 -0.010500 1
0.034500 -0.009500 1
0.034500 -0.008500 0
0.034500 -0.007500 0
0.034500 -0.006500 0
0.034500 -0.005500 0
0.034500 -0.004500 0
0.034500 -0.003500 0
0.034500 -0.002500 0
0.034500 -0.001500 0
0.034500 -0.000500 0
0.034500 0.000500 0
0.034500 0.001500 0
0.034500 0.002500 0
0.034500 0.003500 0
0.034500 0.004500 0
0.034500 0.005500 0
0.034500 0.006500 0
0.034500 0.007500 0
0.034500 0.008500 0
0.034500 0.009500 0
0.034500 0.010500 0
0.034500 0.011500 0
0.034500 0.012500 0
0.034500 0.013500 0
0.034500 0.014500 0
0.034500 0.015500 1
0.034500 0.016500 1
0.034500 0.017500 1
0.034500 0.018500 1
0.034500 0.019500 1
0.034500 0.020500 1
0.034500 0.021500 1
0.034500 0.022500 1
0.034500 0.023500 1
0.034500 0.024500 0
0.034500 0.025500 0
0.034500 0.026500 0
0.034500 0.027500 0
0.034500 0.028500 0
0.034500 0.029500 0
0.034500 0.030500 0
0.034500 0.031500 0
0.035500 -0.031500 0
0.035500 -0.030500 0
0.035500 -0.029500 0
0.035500 -0.028500 0
0.035500 -0.027500 0
0.035500 -0.026500 0
0.035500 -0.025500 0
0.035500 -0.024500 0
0.035500 -0.023500 0
0.035500 -0.022500 0
0.035500 -0.021500 0
0.035500 -0.020500 0
0.035500 -0.019500 1
0.035500 -0.018500 1
0.035500 -0.017500 1
0.035500 -0.016500 1
0.035500 -0.015500 1
0.035500 -0.014500 1
0.035500 -0.013500 1
0.035500 -0.012500 1
0.035500 -0.011500 1
0.035500 -0.010500 1
0.035500 -0.009500 1
0.035500 -0.008500 1
0.035500 -0.007500 0
0.035500 -0.006500 0
0.035500 -0.005500 0
0.035500 -0.004500 0
0.035500 -0.003500 0
0.035500 -0.002500 0
0.035500 -0.001500 0
0.035500 -0.000500 0
0.035500 0.000500 0
0.035500 0.001500 0
0.035500 0.002500 0
0.035500 0.003500 0
0.035500 0.004500 0
0.035500 0.005500 0
0.035500 0.006500 0
0.035500 0.007500 0
0.035500 0.008500 0
0.035500 0.009500 0
0.035500 0.010500 0
0.035500 0.011500 0
0.035500 0.012500 0
0.035500 0.013500 0
0.035500 0.014500 0
0.035500 0.015500 1
0.035500 0.016500 1
0.035500 0.017500 1
0.035500 0.018500 1
0.035500 0.019500 1
0.035500 0.020500 1
0.035500 0.021500 1
0.035500 0.022500 1
0.035500 0.023500 1
0.035500 0.024500 1
0.035500 0.025500 0
0.035500 0.026500 0
0.035500 0.027500 0
0.035500 0.028500 0
0.035500 0.029500 0
0.035500 0.030500 0
0.035500 0.031500 0
0.036500 -0.031500 0
0.036500 -0.030500 0
0.036500 -0.029500 0
0.036500 -0.028500 0
0.036500 -0.027500 0
0.036500 -0.026500 0
0.036500 -0.025500 0
0.036500 -0.024500 0
0.036500 -0.023500 0
0.036500 -0.022500 0
0.036500 -0.021500 0
0.036500 -0.020500 0
0.036500 -0.019500 0
0.036500 -0.018500 1
0.036500 -0.017500 1
0.036500 -0.016500 1
0.036500 -0.015500 1
0.036500 -0.014500 1
0.036500 -0.013500 1
0.036500 -0.012500 1
0.036500 -0.011500 1
0.036500 -0.010500 1
0.036500 -0.009500 1
0.036500 -0.008500 1
0.036500 -0.007500 1
0.036500 -0.006500 0
0.036500 -0.005500 0
0.036500 -0.004500 0
0.036500 -0.003500 0
0.036500 -0.002500 0
0.036500 -0.001500 0
0.036500 -0.000500 0
0.036500 0.000500 0
0.036500 0.001500 0
0.036500 0.002500 0
0.036500 0.003500 0
0.036500 0.004500 0
0.036500 0.005500 0
0.036500 0.006500 0
0.036500 0.007500 0
0.036500 0.008500 0
0.036500 0.009500 0
0.036500 0.010500 0
0.036500 0.011500 0
0.036500 0.012500 0
0.036500 0.013500 0
0.036500 0.014500 0
0.036500 0.015500 0
0.036500 0.016500 1
0.036500 0.017500 1
0.036500 0.018500 1
0.036500 0.019500 1
0.036500 0.020500 1
0.036500 0.021500 1
0.036500 0.022500 1
0.036500 0.023500 1
0.036500 0.024500 1
0.036500 0.025500 1
0.036500 0.026500 0
0.036500 0.027500 0
0.036500 0.028500 0
0.036500 0.029500 0
0.036500 0.030500 0
0.036500 0.031500 0
0.037500 -0.031500 0
0.037500 -0.030500 0
0.037500 -0.029500 0
0.037500 -0.028500 0
0.037500 -0.027500 0
0.037500 -0.026500 0
0.037500 -0.025500 0
0.037500 -0.024500 0
0.037500 -0.023500 0
0.037500 -0.022500 0
0.037500 -0.021500 0
0.037500 -0.020500 0
0.037500 -0.019500 0
0.037500 -0.018500 1
0.037500 -0.017500 1
0.037500 -0.016500 1
0.037500 -0.015500 1
0.037500 -0.014500 1
0.037500 -0.013500 1
0.037500 -0.012500 1
0.037500 -0.011500 1
0.037500 -0.010500 1
0.037500 -0.009500 1
0.037500 -0.008500 1
0.037500 -0.007500 1
0.037500 -0.006500 1
0.037500 -0.005500 0
0.037500 -0.004500 0
0.037500 -0.003500 0
0.037500 -0.002500 0
0.037500 -0.001500 0
0.037500 -0.000500 0
0.037500 0.000500 0
0.037500 0.001500 0
0.037500 0.002500 0
0.037500 0.003500 0
0.037500 0.004500 0
0.037500 0.005500 0
0.037500 0.006500 0
0.037500 0.007500 0
0.037500 0.008500 0
0.037500 0.009500 0
0.037500 0.010500 0
0.037500 0.011500 0
0.037500 0.012500 0
0.037500 0.013500 0
0.037500 0.014500 0
0.037500 0.015500 0
0.037500 0.016500 0
0.037500 0.017500 1
0.037500 0.018500 1
0.037500 0.019500 1
0.037500 0.020500 1
0.037500 0.021500 1
0.037500 0.022500 1
0.037500 0.023500 1
0.037500 0.024500 1
0.037500 0.025500 1
0.037500 0.026500 0
0.037500 0.027500 0
0.037500 0.028500 0
0.037500 0.029500 0
0.037500 0.030500 0
0.037500 0.031500 0
0.038500 -0.031500 0
0.038500 -0.030500 0
0.038500 -0.029500 0
0.038500 -0.028500 0
0.038500 -0.027500 0
0.038500 -0.026500 0
0.038500 -0.025500 0
0.038500 -0.024500 0
0.038500 -0.023500 0
0.038500 -0.022500 0
0.038500 -0.021500 0
0.038500 -0.020500 0
0.038500 -0.019500 0
0.038500 -0.018500 0
0.038500 -0.017500 1
0.038500 -0.016500 1
0.038500 -0.015500 1
0.038500 -0.014500 1
0.038500 -0.013500 1
0.038500 -0.012500 1
0.038500 -0.011500 1
0.038500 -0.010500 1
0.038500 -0.009500 1
0.038500 -0.008500 1
0.038500 -0.007500 1
0.038500 -0.006500 1
0.038500 -0.005500 1
0.038500 -0.004500 0
0.038500 -0.003500 0
0.038500 -0.002500 0
0.038500 -0.001500 0
0.038500 -0.000500 0
0.038500 0.000500 0
0.038500 0.001500 0
0.038500 0.002500 0
0.038500 0.003500 0
0.038500 0.004500 0
0.038500 0.005500 0
0.038500 0.006500 0
0.038500 0.007500 0
0.038500 0.008500 0
0.038500 0.009500 0
0.038500 0.010500 0
0.038500 0.011500 0
0.038500 0.012500 0
0.038500 0.013500 0
0.038500 0.014500 0
0.038500 0.015500 0
0.038500 0.016500 0
0.038500 0.017500 0
0.038500 0.018500 1
0.038500 0.019500 1
0.038500 0.020500 1
0.038500 0.021500 1
0.038500 0.022500 1
0.038500 0.023500 1
0.038500 0.024500 1
0.038500 0.025500 1
0.038500 0.026500 1
0.038500 0.027500 0
0.038500 0.028500 0
0.038500 0.029500 0
0.038500 0.030500 0
0.038500 0.031500 0
0.039500 -0.031500 0
0.039500 -0.030500 0
0.039500 -0.029500 0
0.039500 -0.028500 0
0.039500 -0.027500 0
0.039500 -0.026500 0
0.039500 -0.025500 0
0.039500 -0.024500 0
0.039500 -0.023500 0
0.039500 -0.022500 0
0.039500 -0.021500 0
0.039500 -0.020500 0
0.039500 -0.019500 0
0.039500 -0.018500 0
0.039500 -0.017500 0
0.039500 -0.016500 0
0.039500 -0.015500 0
0.039500 -0.014500 1
0.039500 -0.013500 1
0.039500 -0.012500 1
0.039500 -0.011500 1
0.039500 -0.010500 1
0.039500 -0.009500 1
0.039500 -0.008500 1
0.039500 -0.007500 1
0.039500 -0.006500 1
0.039500 -0.005500 1
0.039500 -0.004500 1
0.039500 -0.003500 0
0.039500 -0.002500 0
0.039500 -0.001500 0
0.039500 -0.000500 0
0.039500 0.000500 0
0.039500 0.001500 0
0.039500 0.002500 0
0.039500 0.003500 0
0.039500 0.004500 0
0.039500 0.005500 0
0.039500 0.006500 0
0.039500 0.007500 0
0.039500 0.008500 0
0.039500 0.009500 0
0.039500 0.010500 0
0.039500 0.011500 0
0.039500 0.012500 0
0.039500 0.013500 0
0.039500 0.014500 0
0.039500 0.015500 0
0.039500 0.016500 0
0.039500 0.017500 0
0.039500 0.018500 1
0.039500 0.019500 1
0.039500 0.020500 1
0.039500 0.021500 1
0.039500 0.022500 1
0.039500 0.023500 1
0.039500 0.024500 1
0.039500 0.025500 1
0.039500 0.026500 1
0.039500 0.027500 0
0.039500 0.028500 0
0.039500 0.029500 0
0.039500 0.030500 0
0.039500 0.031500 0
0.040500 -0.031500 0
0.040500 -0.030500 0
0.040500 -0.029500 0
0.040500 -0.028500 0
0.040500 -0.027500 0
0.040500 -0.026500 0
0.040500 -0.025500 0
0.040500 -0.024500 0
0.040500 -0.023500 0
0.040500 -0.022500 0
0.040500 -0.021500 0
0.040500 -0.020500 0
0.040500 -0.019500 0
0.040500 -0.018500 0
0.040500 -0.017500 0
0.040500 -0.016500 0
0.040500 -0.015500 0
0.040500 -0.014500 0
0.040500 -0.013500 1
0.040500 -0.012500 1
0.040500 -0.011500 1
0.040500 -0.010500 1
0.040500 -0.009500 1
0.040500 -0.008500 1
0.040500 -0.007500 1
0.040500 -0.006500 1
0.040500 -0.005500 1
0.040500 -0.004500 1
0.040500 -0.003500 1
0.040500 -0.002500 0
0.040500 -0.001500 0
0.040500 -0.000500 0
0.040500 0.000500 0
0.040500 0.001500 0
0.040500 0.002500 0
0.040500 0.003500 0
0.040500 0.004500 0
0.040500 0.005500 0
0.040500 0.006500 0
0.040500 0.007500 0
0.040500 0.008500 0
0.040500 0.009500 0
0.040500 0.010500 0
0.040500 0.011500 0
0.040500 0.012500 0
0.040500 0.013500 0
0.040500 0.014500 0
0.040500 0.015500 0
0.040500 0.016500 0
0.040500 0.017500 0
0.040500 0.018500 0
0.040500 0.019500 1
0.040500 0.020500 1
0.040500 0.021500 1
0.040500 0.022500 1
0.040500 0.023500 1
0.040500 0.024500 1
0.040500 0.025500 1
0.040500 0.026500 1
0.040500 0.027500 0
0.040500 0.028500 0
0.040500 0.029500 0
0.040500 0.030500 0
0.040500 0.031500 0
0.041500 -0.031500 0
0.041500 -0.030500 0
0.041500 -0.029500 0
0.041500 -0.028500 0
0.041500 -0.027500 0
0.041500 -0.026500 0
0.041500 -0.025500 0
0.041500 -0.024500 0
0.041500 -0.023500 0
0.041500 -0.022500 0
0.041500 -0.021500 0
0.041500 -0.020500 0
0.041500 -0.019500 0
0.041500 -0.018500 0
0.041500 -0.017500 0
0.041500 -0.016500 0
0.041500 -0.015500 0
0.041500 -0.014500 0
0.041500 -0.013500 0
0.041500 -0.012500 1
0.041500 -0.011500 1
0.041500 -0.010500 1
0.041500 -0.009500 1
0.041500 -0.008500 1
0.041500 -0.007500 1
0.041500 -0.006500 1
0.041500 -0.005500 1
0.041500 -0.004500 1
0.041500 -0.003500 1
0.041500 -0.002500 1
0.041500 -0.001500 1
0.041500 -0.000500 0
0.041500 0.000500 0
0.041500 0.001500 0
0.041500 0.002500 0
0.041500 0.003500 0
0.041500 0.004500 0
0.041500 0.005500 0
0.041500 0.006500 0
0.041500 0.007500 0
0.041500 0.008500 0
0.041500 0.009500 0
0.041500 0.010500 0
0.041500 0.011500 0
0.041500 0.012500 0
0.041500 0.013500 0
0.041500 0.014500 0
0.041500 0.015500 0
0.041500 0.016500 0
0.041500 0.017500 0
0.041500 0.018500 0
0.041500 0.019500 1
0.041500 0.020500 1
0.041500 0.021500 1
0.041500 0.022500 1
0.041500 0.023500 1
0.041500 0.024500 1
0.041500 0.025500 1
0.041500 0.026500 1
0.041500 0.027500 0
0.041500 0.028500 0
0.041500 0.029500 0
0.041500 0.030500 0
0.041500 0.031500 0
0.042500 -0.031500 0
0.042500 -0.030500 0
0.042500 -0.029500 0
0.042500 -0.028500 0
0.042500 -0.027500 0
0.042500 -0.026500 0
0.042500 -0.025500 0
0.042500 -0.024500 0
0.042500 -0.023500 0
0.042500 -0.022500 0
0.042500 -0.021500 0
0.042500 -0.020500 0
0.042500 -0.019500 0
0.042500 -0.018500 0
0.042500 -0.017500 0
0.042500 -0.016500 0
0.042500 -0.015500 0
0.042500 -0.014500 0
0.042500 -0.013500 0
0.042500 -0.012500 0
0.042500 -0.011500 1
0.042500 -0.010500 1
0.042500 -0.009500 1
0.042500 -0.008500 1
0.042500 -0.007500 1
0.042500 -0.006500 1
0.042500 -0.005500 1
0.042500 -0.004500 1
0.042500 -0.003500 1
0.042500 -0.002500 1
0.042500 -0.001500 1
0.042500 -0.000500 1
0.042500 0.000500 0
0.042500 0.001500 0
0.042500 0.002500 0
0.042500 0.003500 0
0.042500 0.004500 0
0.042500 0.005500 0
0.042500 0.006500 0
0.042500 0.007500 0
0.042500 0.008500 0
0.042500 0.009500 0
0.042500 0.010500 0
0.042500 0.011500 0
0.042500 0.012500 0
0.042500 0.013500 0
0.042500 0.014500 0
0.042500 0.015500 0
0.042500 0.016500 0
0.042500 0.017500 0
0.042500 0.018500 0
0.042500 0.019500 1
0.042500 0.020500 1
0.042500 0.021500 1
0.042500 0.022500 1
0.042500 0.023500 1
0.042500 0.024500 1
0.042500 0.025500 1
0.042500 0.026500 1
0.042500 0.027500 0
0.042500 0.028500 0
0.042500 0.029500 0
0.042500 0.030500 0
0.042500 0.031500 0
0.043500 -0.031500 0
0.043500 -0.030500 0
0.043500 -0.029500 0
0.043500 -0.028500 0
0.043500 -0.027500 0
0.043500 -0.026500 0
0.043500 -0.025500 0
0.043500 -0.024500 0
0.043500 -0.023500 0
0.043500 -0.022500 0
0.043500 -0.021500 0
0.043500 -0.020500 0
0.043500 -0.019500 0
0.043500 -0.018500 0
0.043500 -0.017500 0
0.043500 -0.016500 0
0.043500 -0.015500 0
0.043500 -0.014500 0
0.043500 -0.013500 0
0.043500 -0.012500 0
0.043500 -0.011500 0
0.043500 -0.010500 1
0.043500 -0.009500 1
0.043500 -0.008500 1
0.043500 -0.007500 1
0.043500 -0.006500 1
0.043500 -0.005500 1
0.043500 -0.004500 1
0.043500 -0.003500 1
0.043500 -0.002500 1
0.043500 -0.001500 1
0.043500 -0.000500 1
0.043500 0.000500 1
0.043500 0.001500 0
0.043500 0.002500 0
0.043500 0.003500 0
0.043500 0.004500 0
0.043500 0.005500 0
0.043500 0.006500 0
0.043500 0.007500 0
0.043500 0.008500 0
0.043500 0.009500 0
0.043500 0.010500 0
0.043500 0.011500 0
0.043500 0.012500 0
0.043500 0.013500 0
0.043500 0.014500 0
0.043500 0.015500 0
0.043500 0.016500 0
0.043500 0.017500 0
0.043500 0.018500 0
0.043500 0.019500 1
0.043500 0.020500 1
0.043500 0.021500 1
0.043500 0.022500 1
0.043500 0.023500 1
0.043500 0.024500 1
0.043500 0.025500 1
0.043500 0.026500 1
0.043500 0.027500 1
0.043500 0.028500 0
0.043500 0.029500 0
0.043500 0.030500 0
0.043500 0.031500 0
0.044500 -0.031500 0
0.044500 -0.030500 0
0.044500 -0.029500 0
0.044500 -0.028500 0
0.044500 -0.027500 0
0.044500 -0.026500 0
0.044500 -0.025500 0
0.044500 -0.024500 0
0.044500 -0.023500 0
0.044500 -0.022500 0
0.044500 -0.021500 0
0.044500 -0.020500 0
0.044500 -0.019500 0
0.044500 -0.018500 0
0.044500 -0.017500 0
0.044500 -0.016500 0
0.044500 -0.015500 0
0.044500 -0.014500 0
0.044500 -0.013500 0
0.044500 -0.012500 0
0.044500 -0.011500 0
0.044500 -0.010500 1
0.044500 -0.009500 1
0.044500 -0.008500 1
0.044500 -0.007500 1
0.044500 -0.006500 1
0.044500 -0.005500 1
0.044500 -0.004500 1
0.044500 -0.003500 1
0.044500 -0.002500 1
0.044500 -0.001500 1
0.044500 -0.000500 1
0.044500 0.000500 1
0.044500 0.001500 1
0.044500 0.002500 0
0.044500 0.003500 0
0.044500 0.004500 0
0.044500 0.005500 0
0.044500 0.006500 0
0.044500 0.007500 0
0.044500 0.008500 0
0.044500 0.009500 0
0.044500 0.010500 0
0.044500 0.011500 0
0.044500 0.012500 0
0.044500 0.013500 0
0.044500 0.014500 0
0.044500 0.015500 0
0.044500 0.016500 0
0.044500 0.017500 0
0.044500 0.018500 0
0.044500 0.019500 1
0.044500 0.020500 1
0.044500 0.021500 1
0.044500 0.022500 1
0.044500 0.023500 1
0.044500 0.024500 1
0.044500 0.025500 1
0.044500 0.026500 1
0.044500 0.027500 1
0.044500 0.028500 0
0.044500 0.029500 0
0.044500 0.030500 0
0.044500 0.031500 0
0.045500 -0.031500 0
0.045500 -0.030500 0
0.045500 -0.029500 0
0.045500 -0.028500 0
0.045500 -0.027500 0
0.045500 -0.026500 0
0.045500 -0.025500 0
0.045500 -0.024500 0
0.045500 -0.023500 0
0.045500 -0.022500 0
0.045500 -0.021500 0
0.045500 -0.020500 0
0.045500 -0.019500 0
0.045500 -0.018500 0
0.045500 -0.017500 0
0.045500 -0.016500 0
0.045500 -0.015500 0
0.045500 -0.014500 0
0.045500 -0.013500 0
0.045500 -0.012500 0
0.045500 -0.011500 0
0.045500 -0.010500 0
0.045500 -0.009500 1
0.045500 -0.008500 1
0.045500 -0.007500 1
0.045500 -0.006500 1
0.045500 -0.005500 1
0.045500 -0.004500 1
0.045500 -0.003500 1
0.045500 -0.002500 1
0.045500 -0.001500 1
0.045500 -0.000500 1
0.045500 0.000500 1
0.045500 0.001500 1
0.045500 0.002500 1
0.045500 0.003500 1
0.045500 0.004500 0
0.045500 0.005500 0
0.045500 0.006500 0
0.045500 0.007500 0
0.045500 0.008500 0
0.045500 0.009500 0
0.045500 0.010500 0
0.045500 0.011500 0
0.045500 0.012500 0
0.045500 0.013500 0
0.045500 0.014500 0
0.045500 0.015500 0
0.045500 0.016500 0
0.045500 0.017500 0
0.045500 0.018500 0
0.045500 0.019500 1
0.045500 0.020500 1
0.045500 0.021500 1
0.045500 0.022500 1
0.045500 0.023500 1
0.045500 0.024500 1
0.045500 0.025500 1
0.045500 0.026500 1
0.045500 0.027500 1
0.045500 0.028500 0
0.045500 0.029500 0
0.045500 0.030500 0
0.045500 0.031500 0
0.046500 -0.031500 0
0.046500 -0.030500 0
0.046500 -0.029500 0
0.046500 -0.028500 0
0.046500 -0.027500 0
0.046500 -0.026500 0
0.046500 -0.025500 0
0.046500 -0.024500 0
0.046500 -0.023500 0
0.046500 -0.022500 0
0.046500 -0.021500 0
0.046500 -0.020500 0
0.046500 -0.019500 0
0.046500 -0.018500 0
0.046500 -0.017500 0
0.046500 -0.016500 0
0.046500 -0.015500 0
0.046500 -0.014500 0
0.046500 -0.013500 0
0.046500 -0.012500 0
0.046500 -0.011500 0
0.046500 -0.010500 0
0.046500 -0.009500 0
0.046500 -0.008500 0
0.046500 -0.007500 1
0.046500 -0.006500 1
0.046500 -0.005500 1
0.046500 -0.004500 1
0.046500 -0.003500 1
0.046500 -0.002500 1
0.046500 -0.001500 1
0.046500 -0.000500 1
0.046500 0.000500 1
0.046500 0.001500 1
0.046500 0.002500 1
0.046500 0.003500 1
0.046500 0.004500 1
0.046500 0.005500 1
0.046500 0.006500 0
0.046500 0.007500 0
0.046500 0.008500 0
0.046500 0.009500 0
0.046500 0.010500 0
0.046500 0.011500 0
0.046500 0.012500 0
0.046500 0.013500 0
0.046500 0.014500 0
0.046500 0.015500 0
0.046500 0.016500 0
0.046500 0.017500 0
0.046500 0.018500 0
0.046500 0.019500 1
0.046500 0.020500 1
0.046500 0.021500 1
0.046500 0.022500 1
0.046500 0.023500 1
0.046500 0.024500 1
0.046500 0.025500 1
0.046500 0.026500 1
0.046500 0.027500 0
0.046500 0.028500 0
0.046500 0.029500 0
0.046500 0.030500 0
0.046500 0.031500 0
0.047500 -0.031500 0
0.047500 -0.030500 0
0.047500 -0.029500 0
0.047500 -0.028500 0
0.047500 -0.027500 0
0.047500 -0.026500 0
0.047500 -0.025500 0
0.047500 -0.024500 0
0.047500 -0.023500 0
0.047500 -0.022500 0
0.047500 -0.021500 0
0.047500 -0.020500 0
0.047500 -0.019500 0
0.047500 -0.018500 0
0.047500 -0.017500 0
0.047500 -0.016500 0
0.047500 -0.015500 0
0.047500 -0.014500 0
0.047500 -0.013500 0
0.047500 -0.012500 0
0.047500 -0.011500 0
0.047500 -0.010500 0
0.047500 -0.009500 0
0.047500 -0.008500 0
0.047500 -0.007500 0
0.047500 -0.006500 0
0.047500 -0.005500 0
0.047500 -0.004500 1
0.047500 -0.003500 1
0.047500 -0.002500 1
0.047500 -0.001500 1
0.047500 -0.000500 1
0.047500 0.000500 1
0.047500 0.001500 1
0.047500 0.002500 1
0.047500 0.003500 1
0.047500 0.004500 1
0.047500 0.005500 1
0.047500 0.006500 1
0.047500 0.007500 0
0.047500 0.008500 0
0.047500 0.009500 0
0.047500 0.010500 0
0.047500 0.011500 0
0.047500 0.012500 0
0.047500 0.013500 0
0.047500 0.014500 0
0.047500 0.015500 0
0.047500 0.016500 0
0.047500 0.017500 0
0.047500 0.018500 0
0.047500 0.019500 1
0.047500 0.020500 1
0.047500 0.021500 1
0.047500 0.022500 1
0.047500 0.023500 1
0.047500 0.024500 1
0.047500 0.025500 1
0.047500 0.026500 1
0.047500 0.027500 0
0.047500 0.028500 0
0.047500 0.029500 0
0.047500 0.030500 0
0.047500 0.031500 0
0.048500 -0.031500 0
0.048500 -0.030500 0
0.048500 -0.029500 0
0.048500 -0.028500 0
0.048500 -0.027500 0
0.048500 -0.026500 0
0.048500 -0.025500 0
0.048500 -0.024500 0
0.048500 -0.023500 0
0.048500 -0.022500 0
0.048500 -0.021500 0
0.048500 -0.020500 0
0.048500 -0.019500 0
0.048500 -0.018500 0
0.048500 -0.017500 0
0.048500 -0.016500 0
0.048500 -0.015500 0
0.048500 -0.014500 0
0.048500 -0.013500 0
0.048500 -0.012500 0
0.048500 -0.011500 0
0.048500 -0.010500 0
0.048500 -0.009500 0
0.048500 -0.008500 0
0.048500 -0.007500 0
0.048500 -0.006500 0
0.048500 -0.005500 0
0.048500 -0.004500 1
0.048500 -0.003500 1
0.048500 -0.002500 1
0.048500 -0.001500 1
0.048500 -0.000500 1
0.048500 0.000500 1
0.048500 0.001500 1
0.048500 0.002500 1
0.048500 0.003500 1
0.048500 0.004500 1
0.048500 0.005500 1
0.048500 0.006500 1
0.048500 0.007500 1
0.048500 0.008500 1
0.048500 0.009500 0
0.048500 0.010500 0
0.048500 0.011500 0
0.048500 0.012500 0
0.048500 0.013500 0
0.048500 0.014500 0
0.048500 0.015500 0
0.048500 0.016500 0
0.048500 0.017500 0
0.048500 0.018500 0
0.048500 0.019500 1
0.048500 0.020500 1
0.048500 0.021500 1
0.048500 0.022500 1
0.048500 0.023500 1
0.048500 0.024500 1
0.048500 0.025500 1
0.048500 0.026500 1
0.048500 0.027500 0
0.048500 0.028500 0
0.048500 0.029500 0
0.048500 0.030500 0
0.048500 0.031500 0
0.049500 -0.031500 0
0.049500 -0.030500 0
0.049500 -0.029500 0
0.049500 -0.028500 0
0.049500 -0.027500 0
0.049500 -0.026500 0
0.049500 -0.025500 0
0.049500 -0.024500 0
0.049500 -0.023500 0
0.049500 -0.022500 0
0.049500 -0.021500 0
0.049500 -0.020500 0
0.049500 -0.019500 0
0.049500 -0.018500 0
0.049500 -0.017500 0
0.049500 -0.016500 0
0.049500 -0.015500 0
0.049500 -0.014500 0
0.049500 -0.013500 0
0.049500 -0.012500 0
0.049500 -0.011500 0
0.049500 -0.010500 0
0.049500 -0.009500 0
0.049500 -0.008500 0
0.049500 -0.007500 0
0.049500 -0.006500 0
0.049500 -0.005500 0
0.049500 -0.004500 0
0.049500 -0.003500 1
0.049500 -0.002500 1
0.049500 -0.001500 1
0.049500 -0.000500 1
0.049500 0.000500 1
0.049500 0.001500 1
0.049500 0.002500 1
0.049500 0.003500 1
0.049500 0.004500 1
0.049500 0.005500 1
0.049500 0.006500 1
0.049500 0.007500 1
0.049500 0.008500 1
0.049500 0.009500 1
0.049500 0.010500 0
0.049500 0.011500 0
0.049500 0.012500 0
0.049500 0.013500 0
0.049500 0.014500 0
0.049500 0.015500 0
0.049500 0.016500 0
0.049500 0.017500 0
0.049500 0.018500 1
0.049500 0.019500 1
0.049500 0.020500 1
0.049500 0.021500 1
0.049500 0.022500 1
0.049500 0.023500 1
0.049500 0.024500 1
0.049500 0.025500 1
0.049500 0.026500 1
0.049500 0.027500 0
0.049500 0.028500 0
0.049500 0.029500 0
0.049500 0.030500 0
0.049500 0.031500 0
0.050500 -0.031500 0
0.050500 -0.030500 0
0.050500 -0.029500 0
0.050500 -0.028500 0
0.050500 -0.027500 0
0.050500 -0.026500 0
0.050500 -0.025500 0
0.050500 -0.024500 0
0.050500 -0.023500 0
0.050500 -0.022500 0
0.050500 -0.021500 0
0.050500 -0.020500 0
0.050500 -0.019500 0
0.050500 -0.018500 0
0.050500 -0.017500 0
0.050500 -0.016500 0
0.050500 -0.015500 0
0.050500 -0.014500 0
0.050500 -0.013500 0
0.050500 -0.012500 0
0.050500 -0.011500 0
0.050500 -0.010500 0
0.050500 -0.009500 0
0.050500 -0.008500 0
0.050500 -0.007500 0
0.050500 -0.006500 0
0.050500 -0.005500 0
0.050500 -0.004500 0
0.050500 -0.003500 0
0.050500 -0.002500 1
0.050500 -0.001500 1
0.050500 -0.000500 1
0.050500 0.000500 1
0.050500 0.001500 1
0.050500 0.002500 1
0.050500 0.003500 1
0.050500 0.004500 1
0.050500 0.005500 1
0.050500 0.006500 1
0.050500 0.007500 1
0.050500 0.008500 1
0.050500 0.009500 1
0.050500 0.010500 1
0.050500 0.011500 1
0.050500 0.012500 0
0.050500 0.013500 0
0.050500 0.014500 0
0.050500 0.015500 0
0.050500 0.016500 0
0.050500 0.017500 0
0.050500 0.018500 1
0.050500 0.019500 1
0.050500 0.020500 1
0.050500 0.021500 1
0.050500 0.022500 1
0.050500 0.023500 1
0.050500 0.024500 1
0.050500 0.025500 1
0.050500 0.026500 1
0.050500 0.027500 0
0.050500 0.028500 0
0.050500 0.029500 0
0.050500 0.030500 0
0.050500 0.031500 0
0.051500 -0.031500 0
0.051500 -0.030500 0
0.051500 -0.029500 0
0.051500 -0.028500 0
0.051500 -0.027500 0
0.051500 -0.026500 0
0.051500 -0.025500 0
0.051500 -0.024500 0
0.051500 -0.023500 0
0.051500 -0.022500 0
0.051500 -0.021500 0
0.051500 -0.020500 0
0.051500 -0.019500 0
0.051500 -0.018500 0
0.051500 -0.017500 0
0.051500 -0.016500 0
0.051500 -0.015500 0
0.051500 -0.014500 0
0.051500 -0.013500 0
0.051500 -0.012500 0
0.051500 -0.011500 0
0.051500 -0.010500 0
0.051500 -0.009500 0
0.051500 -0.008500 0
0.051500 -0.007500 0
0.051500 -0.006500 0
0.051500 -0.005500 0
0.051500 -0.004500 0
0.051500 -0.003500 0
0.051500 -0.002500 1
0.051500 -0.001500 1
0.051500 -0.000500 1
0.051500 0.000500 1
0.051500 0.001500 1
0.051500 0.002500 1
0.051500 0.003500 1
0.051500 0.004500 1
0.051500 0.005500 1
0.051500 0.006500 1
0.051500 0.007500 1
0.051500 0.008500 1
0.051500 0.009500 1
0.051500 0.010500 1
0.051500 0.011500 1
0.051500 0.012500 1
0.051500 0.013500 1
0.051500 0.014500 1
0.051500 0.015500 1
0.051500 0.016500 1
0.051500 0.017500 1
0.051500 0.018500 1
0.051500 0.019500 1
0.051500 0.020500 1
0.051500 0.021500 1
0.051500 0.022500 1
0.051500 0.023500 1
0.051500 0.024500 1
0.051500 0.025500 1
0.051500 0.026500 1
0.051500 0.027500 0
0.051500 0.028500 0
0.051500 0.029500 0
0.051500 0.030500 0
0.051500 0.031500 0
0.052500 -0.031500 0
0.052500 -0.030500 0
0.052500 -0.029500 0
0.052500 -0.028500 0
0.052500 -0.027500 0
0.052500 -0.026500 0
0.052500 -0.025500 0
0.052500 -0.024500 0
0.052500 -0.023500 0
0.052500 -0.022500 0
0.052500 -0.021500 0
0.052500 -0.020500 0
0.052500 -0.019500 0
0.052500 -0.018500 0
0.052500 -0.017500 0
0.052500 -0.016500 0
0.052500 -0.015500 0
0.052500 -0.014500 0
0.052500 -0.013500 0
0.052500 -0.012500 0
0.052500 -0.011500 0
0.052500 -0.010500 0
0.052500 -0.009500 0
0.052500 -0.008500 0
0.052500 -0.007500 0
0.052500 -0.006500 0
0.052500 -0.005500 0
0.052500 -0.004500 0
0.052500 -0.003500 0
0.052500 -0.002500 0
0.052500 -0.001500 0
0.052500 -0.000500 0
0.052500 0.000500 0
0.052500 0.001500 1
0.052500 0.002500 1
0.052500 0.003500 1
0.052500 0.004500 1
0.052500 0.005500 1
0.052500 0.006500 1
0.052500 0.007500 1
0.052500 0.008500 1
0.052500 0.009500 1
0.052500 0.010500 1
0.052500 0.011500 1
0.052500 0.012500 1
0.052500 0.013500 1
0.052500 0.014500 1
0.052500 0.015500 1
0.052500 0.016500 1
0.052500 0.017500 1
0.052500 0.018500 1
0.052500 0.019500 1
0.052500 0.020500 1
0.052500 0.021500 1
0.052500 0.022500 1
0.052500 0.023500 1
0.052500 0.024500 1
0.052500 0.025500 1
0.052500 0.026500 1
0.052500 0.027500 0
0.052500 0.028500 0
0.052500 0.029500 0
0.052500 0.030500 0
0.052500 0.031500 0
0.053500 -0.031500 0
0.053500 -0.030500 0
0.053500 -0.029500 0
0.053500 -0.028500 0
0.053500 -0.027500 0
0.053500 -0.026500 0
0.053500 -0.025500 0
0.053500 -0.024500 0
0.053500 -0.023500 0
0.053500 -0.022500 0
0.053500 -0.021500 0
0.053500 -0.020500 0
0.053500 -0.019500 0
0.053500 -0.018500 0
0.053500 -0.017500 0
0.053500 -0.016500 0
0.053500 -0.015500 0
0.053500 -0.014500 0
0.053500 -0.013500 0
0.053500 -0.012500 0
0.053500 -0.011500 0
0.053500 -0.010500 0
0.053500 -0.009500 0
0.053500 -0.008500 0
0.053500 -0.007500 0
0.053500 -0.006500 0
0.053500 -0.005500 0
0.053500 -0.004500 0
0.053500 -0.003500 0
0.053500 -0.002500 0
0.053500 -0.001500 0
0.053500 -0.000500 0
0.053500 0.000500 0
0.053500 0.001500 0
0.053500 0.002500 0
0.053500 0.003500 1
0.053500 0.004500 1
0.053500 0.005500 1
0.053500 0.006500 1
0.053500 0.007500 1
0.053500 0.008500 1
0.053500 0.009500 1
0.053500 0.010500 1
0.053500 0.011500 1
0.053500 0.012500 1
0.053500 0.013500 1
0.053500 0.014500 1
0.053500 0.015500 1
0.053500 0.016500 1
0.053500 0.017500 1
0.053500 0.018500 1
0.053500 0.019500 1
0.053500 0.020500 1
0.053500 0.021500 1
0.053500 0.022500 1
0.053500 0.023500 1
0.053500 0.024500 1
0.053500 0.025500 1
0.053500 0.026500 1
0.053500 0.027500 0
0.053500 0.028500 0
0.053500 0.029500 0
0.053500 0.030500 0
0.053500 0.031500 0
0.054500 -0.031500 0
0.054500 -0.030500 0
0.054500 -0.029500 0
0.054500 -0.028500 0
0.054500 -0.027500 0
0.054500 -0.026500 0
0.054500 -0.025500 0
0.054500 -0.024500 0
0.054500 -0.023500 0
0.054500 -0.022500 0
0.054500 -0.021500 0
0.054500 -0.020500 0
0.054500 -0.019500 0
0.054500 -0.018500 0
0.054500 -0.017500 0
0.054500 -0.016500 0
0.054500 -0.015500 0
0.054500 -0.014500 0
0.054500 -0.013500 0
0.054500 -0.012500 0
0.054500 -0.011500 0
0.054500 -0.010500 0
0.054500 -0.009500 0
0.054500 -0.008500 0
0.054500 -0.007500 0
0.054500 -0.006500 0
0.054500 -0.005500 0
0.054500 -0.004500 0
0.054500 -0.003500 0
0.054500 -0.002500 0
0.054500 -0.001500 0
0.054500 -0.000500 0
0.054500 0.000500 0
0.054500 0.001500 0
0.054500 0.002500 0
0.054500 0.003500 0
0.054500 0.004500 1
0.054500 0.005500 1
0.054500 0.006500 1
0.054500 0.007500 1
0.054500 0.008500 1
0.054500 0.009500 1
0.054500 0.010500 1
0.054500 0.011500 1
0.054500 0.012500 1
0.054500 0.013500 1
0.054500 0.014500 1
0.054500 0.015500 1
0.054500 0.016500 1
0.054500 0.017500 1
0.054500 0.018500 1
0.054500 0.019500 1
0.054500 0.020500 1
0.054500 0.021500 1
0.054500 0.022500 1
0.054500 0.023500 1
0.054500 0.024500 1
0.054500 0.025500 1
0.054500 0.026500 1
0.054500 0.027500 0
0.054500 0.028500 0
0.054500 0.029500 0
0.054500 0.030500 0
0.054500 0.031500 0
0.055500 -0.031500 0
0.055500 -0.030500 0
0.055500 -0.029500 0
0.055500 -0.028500 0
0.055500 -0.027500 0
0.055500 -0.026500 0
0.055500 -0.025500 0
0.055500 -0.024500 0
0.055500 -0.023500 0
0.055500 -0.022500 0
0.055500 -0.021500 0
0.055500 -0.020500 0
0.055500 -0.019500 0
0.055500 -0.018500 0
0.055500 -0.017500 0
0.055500 -0.016500 0
0.055500 -0.015500 0
0.055500 -0.014500 0
0.055500 -0.013500 0
0.055500 -0.012500 0
0.055500 -0.011500 0
0.055500 -0.010500 0
0.055500 -0.009500 0
0.055500 -0.008500 0
0.055500 -0.007500 0
0.055500 -0.006500 0
0.055500 -0.005500 0
0.055500 -0.004500 0
0.055500 -0.003500 0
0.055500 -0.002500 0
0.055500 -0.001500 0
0.055500 -0.000500 0
0.055500 0.000500 0
0.055500 0.001500 0
0.055500 0.002500 0
0.055500 0.003500 0
0.055500 0.004500 0
0.055500 0.005500 1
0.055500 0.006500 1
0.055500 0.007500 1
0.055500 0.008500 1
0.055500 0.009500 1
0.055500 0.010500 1
0.055500 0.011500 1
0.055500 0.012500 1
0.055500 0.013500 1
0.055500 0.014500 1
0.055500 0.015500 1
0.055500 0.016500 1
0.055500 0.017500 1
0.055500 0.018500 1
0.055500 0.019500 1
0.055500 0.020500 1
0.055500 0.021500 1
0.055500 0.022500 1
0.055500 0.023500 1
0.055500 0.024500 1
0.055500 0.025500 1
0.055500 0.026500 1
0.055500 0.027500 0
0.055500 0.028500 0
0.055500 0.029500 0
0.055500 0.030500 0
0.055500 0.031500 0
0.056500 -0.031500 0
0.056500 -0.030500 0
0.056500 -0.029500 0
0.056500 -0.028500 0
0.056500 -0.027500 0
0.056500 -0.026500 0
0.056500 -0.025500 0
0.056500 -0.024500 0
0.056500 -0.023500 0
0.056500 -0.022500 0
0.056500 -0.021500 0
0.056500 -0.020500 0
0.056500 -0.019500 0
0.056500 -0.018500 0
0.056500 -0.017500 0
0.056500 -0.016500 0
0.056500 -0.015500 0
0.056500 -0.014500 0
0.056500 -0.013500 0
0.056500 -0.012500 0
0.056500 -0.011500 0
0.056500 -0.010500 0
0.056500 -0.009500 0
0.056500 -0.008500 0
0.056500 -0.007500 0
0.056500 -0.006500 0
0.056500 -0.005500 0
0.056500 -0.004500 0
0.056500 -0.003500 0
0.056500 -0.002500 0
0.056500 -0.001500 0
0.056500 -0.000500 0
0.056500 0.000500 0
0.056500 0.001500 0
0.056500 0.002500 0
0.056500 0.003500 0
0.056500 0.004500 0
0.056500 0.005500 0
0.056500 0.006500 1
0.056500 0.007500 1
0.056500 0.008500 1
0.056500 0.009500 1
0.056500 0.010500 1
0.056500 0.011500 1
0.056500 0.012500 1
0.056500 0.013500 1
0.056500 0.014500 1
0.056500 0.015500 1
0.056500 0.016500 1
0.056500 0.017500 1
0.056500 0.018500 1
0.056500 0.019500 1
0.056500 0.020500 1
0.056500 0.021500 1
0.056500 0.022500 1
0.056500 0.023500 1
0.056500 0.024500 1
0.056500 0.025500 1
0.056500 0.026500 1
0.056500 0.027500 1
0.056500 0.028500 0
0.056500 0.029500 0
0.056500 0.030500 0
0.056500 0.031500 0
0.057500 -0.031500 0
0.057500 -0.030500 0
0.057500 -0.029500 0
0.057500 -0.028500 0
0.057500 -0.027500 0
0.057500 -0.026500 0
0.057500 -0.025500 0
0.057500 -0.024500 0
0.057500 -0.023500 0
0.057500 -0.022500 0
0.057500 -0.021500 0
0.057500 -0.020500 0
0.057500 -0.019500 0
0.057500 -0.018500 0
0.057500 -0.017500 0
0.057500 -0.016500 0
0.057500 -0.015500 0
0.057500 -0.014500 0
0.057500 -0.013500 0
0.057500 -0.012500 0
0.057500 -0.011500 0
0.057500 -0.010500 0
0.057500 -0.009500 0
0.057500 -0.008500 0
0.057500 -0.007500 0
0.057500 -0.006500 0
0.057500 -0.005500 0
0.057500 -0.004500 0
0.057500 -0.003500 0
0.057500 -0.002500 0
0.057500 -0.001500 0
0.057500 -0.000500 0
0.057500 0.000500 0
0.057500 0.001500 0
0.057500 0.002500 0
0.057500 0.003500 0
0.057500 0.004500 0
0.057500 0.005500 0
0.057500 0.006500 0
0.057500 0.007500 0
0.057500 0.008500 0
0.057500 0.009500 0
0.057500 0.010500 1
0.057500 0.011500 1
0.057500 0.012500 1
0.057500 0.013500 1
0.057500 0.014500 1
0.057500 0.015500 1
0.057500 0.016500 1
0.057500 0.017500 1
0.057500 0.018500 1
0.057500 0.019500 1
0.057500 0.020500 1
0.057500 0.021500 1
0.057500 0.022500 1
0.057500 0.023500 1
0.057500 0.024500 1
0.057500 0.025500 1
0.057500 0.026500 1
0.057500 0.027500 1
0.057500 0.028500 0
0.057500 0.029500 0
0.057500 0.030500 0
0.057500 0.031500 0
0.058500 -0.031500 0
0.058500 -0.030500 0
0.058500 -0.029500 0
0.058500 -0.028500 0
0.058500 -0.027500 0
0.058500 -0.026500 0
0.058500 -0.025500 0
0.058500 -0.024500 0
0.058500 -0.023500 0
0.058500 -0.022500 0
0.058500 -0.021500 0
0.058500 -0.020500 0
0.058500 -0.019500 0
0.058500 -0.018500 0
0.058500 -0.017500 0
0.058500 -0.016500 0
0.058500 -0.015500 0
0.058500 -0.014500 0
0.058500 -0.013500 0
0.058500 -0.012500 0
0.058500 -0.011500 0
0.058500 -0.010500 0
0.058500 -0.009500 0
0.058500 -0.008500 0
0.058500 -0.007500 0
0.058500 -0.006500 0
0.058500 -0.005500 0
0.058500 -0.004500 0
0.058500 -0.003500 0
0.058500 -0.002500 0
0.058500 -0.001500 0
0.058500 -0.000500 0
0.058500 0.000500 0
0.058500 0.001500 0
0.058500 0.002500 0
0.058500 0.003500 0
0.058500 0.004500 0
0.058500 0.005500 0
0.058500 0.006500 0
0.058500 0.007500 0
0.058500 0.008500 0
0.058500 0.009500 0
0.058500 0.010500 0
0.058500 0.011500 0
0.058500 0.012500 1
0.058500 0.013500 1
0.058500 0.014500 1
0.058500 0.015500 1
0.058500 0.016500 1
0.058500 0.017500 1
0.058500 0.018500 1
0.058500 0.019500 1
0.058500 0.020500 1
0.058500 0.021500 1
0.058500 0.022500 1
0.058500 0.023500 1
0.058500 0.024500 1
0.058500 0.025500 1
0.058500 0.026500 1
0.058500 0.027500 1
0.058500 0.028500 0
0.058500 0.029500 0
0.058500 0.030500 0
0.058500 0.031500 0
0.059500 -0.031500 0
0.059500 -0.030500 0
0.059500 -0.029500 0
0.059500 -0.028500 0
0.059500 -0.027500 0
0.059500 -0.026500 0
0.059500 -0.025500 0
0.059500 -0.024500 0
0.059500 -0.023500 0
0.059500 -0.022500 0
0.059500 -0.021500 0
0.059500 -0.020500 0
0.059500 -0.019500 0
0.059500 -0.018500 0
0.059500 -0.017500 0
0.059500 -0.016500 0
0.059500 -0.015500 0
0.059500 -0.014500 0
0.059500 -0.013500 0
0.059500 -0.012500 0
0.059500 -0.011500 0
0.059500 -0.010500 0
0.059500 -0.009500 0
0.059500 -0.008500 0
0.059500 -0.007500 0
0.059500 -0.006500 0
0.059500 -0.005500 0
0.059500 -0.004500 0
0.059500 -0.003500 0
0.059500 -0.002500 0
0.059500 -0.001500 0
0.059500 -0.000500 0
0.059500 0.000500 0
0.059500 0.001500 0
0.059500 0.002500 0
0.059500 0.003500 0
0.059500 0.004500 0
0.059500 0.005500 0
0.059500 0.006500 0
0.059500 0.007500 0
0.059500 0.008500 0
0.059500 0.009500 0
0.059500 0.010500 0
0.059500 0.011500 0
0.059500 0.012500 0
0.059500 0.013500 0
0.059500 0.014500 1
0.059500 0.015500 1
0.059500 0.016500 1
0.059500 0.017500 1
0.059500 0.018500 1
0.059500 0.019500 1
0.059500 0.020500 1
0.059500 0.021500 1
0.059500 0.022500 1
0.059500 0.023500 1
0.059500 0.024500 1
0.059500 0.025500 1
0.059500 0.026500 1
0.059500 0.027500 1
0.059500 0.028500 1
0.059500 0.029500 0
0.059500 0.030500 0
0.059500 0.031500 0
0.060500 -0.031500 0
0.060500 -0.030500 0
0.060500 -0.029500 0
0.060500 -0.028500 0
0.060500 -0.027500 0
0.060500 -0.026500 0
0.060500 -0.025500 0
0.060500 -0.024500 0
0.060500 -0.023500 0
0.060500 -0.022500 0
0.060500 -0.021500 0
0.060500 -0.020500 0
0.060500 -0.019500 0
0.060500 -0.018500 0
0.060500 -0.017500 0
0.060500 -0.016500 0
0.060500 -0.015500 0
0.060500 -0.014500 0
0.060500 -0.013500 0
0.060500 -0.012500 0
0.060500 -0.011500 0
0.060500 -0.010500 0
0.060500 -0.009500 0
0.060500 -0.008500 0
0.060500 -0.007500 0
0.060500 -0.006500 0
0.060500 -0.005500 0
0.060500 -0.004500 0
0.060500 -0.003500 0
0.060500 -0.002500 0
0.060500 -0.001500 0
0.060500 -0.000500 0
0.060500 0.000500 0
0.060500 0.001500 0
0.060500 0.002500 0
0.060500 0.003500 0
0.060500 0.004500 0
0.060500 0.005500 0
0.060500 0.006500 0
0.060500 0.007500 0
0.060500 0.008500 0
0.060500 0.009500 0
0.060500 0.010500 0
0.060500 0.011500 0
0.060500 0.012500 0
0.060500 0.013500 0
0.060500 0.014500 1
0.060500 0.015500 1
0.060500 0.016500 1
0.060500 0.017500 1
0.060500 0.018500 1
0.060500 0.019500 1
0.060500 0.020500 1
0.060500 0.021500 1
0.060500 0.022500 1
0.060500 0.023500 1
0.060500 0.024500 1
0.060500 0.025500 1
0.060500 0.026500 1
0.060500 0.027500 1
0.060500 0.028500 1
0.060500 0.029500 0
0.060500 0.030500 0
0.060500 0.031500 0
0.061500 -0.031500 0
0.061500 -0.030500 0
0.061500 -0.029500 0
0.061500 -0.028500 0
0.061500 -0.027500 0
0.061500 -0.026500 0
0.061500 -0.025500 0
0.061500 -0.024500 0
0.061500 -0.023500 0
0.061500 -0.022500 0
0.061500 -0.021500 0
0.061500 -0.020500 0
0.061500 -0.019500 0
0.061500 -0.018500 0
0.061500 -0.017500 0
0.061500 -0.016500 0
0.061500 -0.015500 0
0.061500 -0.014500 0
0.061500 -0.013500 0
0.061500 -0.012500 0
0.061500 -0.011500 0
0.061500 -0.010500 0
0.061500 -0.009500 0
0.061500 -0.008500 0
0.061500 -0.007500 0
0.061500 -0.006500 0
0.061500 -0.005500 0
0.061500 -0.004500 0
0.061500 -0.003500 0
0.061500 -0.002500 0
0.061500 -0.001500 0
0.061500 -0.000500 0
0.061500 0.000500 0
0.061500 0.001500 0
0.061500 0.002500 0
0.061500 0.003500 0
0.061500 0.004500 0
0.061500 0.005500 0
0.061500 0.006500 0
0.061500 0.007500 0
0.061500 0.008500 0
0.061500 0.009500 0
0.061500 0.010500 0
0.061500 0.011500 0
0.061500 0.012500 0
0.061500 0.013500 0
0.061500 0.014500 1
0.061500 0.015500 1
0.061500 0.016500 1
0.061500 0.017500 1
0.061500 0.018500 1
0.061500 0.019500 1
0.061500 0.020500 1
0.061500 0.021500 1
0.061500 0.022500 1
0.061500 0.023500 1
0.061500 0.024500 1
0.061500 0.025500 1
0.061500 0.026500 1
0.061500 0.027500 1
0.061500 0.028500 1
0.061500 0.029500 0
0.061500 0.030500 0
0.061500 0.031500 0
0.062500 -0.031500 0
0.062500 -0.030500 0
0.062500 -0.029500 0
0.062500 -0.028500 0
0.062500 -0.027500 0
0.062500 -0.026500 0
0.062500 -0.025500 0
0.062500 -0.024500 0
0.062500 -0.023500 0
0.062500 -0.022500 0
0.062500 -0.021500 0
0.062500 -0.020500 0
0.062500 -0.019500 0
0.062500 -0.018500 0
0.062500 -0.017500 0
0.062500 -0.016500 0
0.062500 -0.015500 0
0.062500 -0.014500 0
0.062500 -0.013500 0
0.062500 -0.012500 0
0.062500 -0.011500 0
0.062500 -0.010500 0
0.062500 -0.009500 0
0.062500 -0.008500 0
0.062500 -0.007500 0
0.062500 -0.006500 0
0.062500 -0.005500 0
0.062500 -0.004500 0
0.062500 -0.003500 0
0.062500 -0.002500 0
0.062500 -0.001500 0
0.062500 -0.000500 0
0.062500 0.000500 0
0.062500 0.001500 0
0.062500 0.002500 0
0.062500 0.003500 0
0.062500 0.004500 0
0.062500 0.005500 0
0.062500 0.006500 0
0.062500 0.007500 0
0.062500 0.008500 0
0.062500 0.009500 0
0.062500 0.010500 0
0.062500 0.011500 0
0.062500 0.012500 0
0.062500 0.013500 0
0.062500 0.014500 1
0.062500 0.015500 1
0.062500 0.016500 1
0.062500 0.017500 1
0.062500 0.018500 1
0.062500 0.019500 1
0.062500 0.020500 1
0.062500 0.021500 1
0.062500 0.022500 1
0.062500 0.023500 1
0.062500 0.024500 1
0.062500 0.025500 1
0.062500 0.026500 1
0.062500 0.027500 1
0.062500 0.028500 1
0.062500 0.029500 0
0.062500 0.030500 0
0.062500 0.031500 0
0.064000 -0.031500 0
0.064000 -0.030500 0
0.064000 -0.029500 0
0.064000 -0.028500 0
0.064000 -0.027500 0
0.064000 -0.026500 0
0.064000 -0.025500 0
0.064000 -0.024500 0
0.064000 -0.023500 0
0.064000 -0.022500 0
0.064000 -0.021500 0
0.064000 -0.020500 0
0.064000 -0.019500 0
0.064000 -0.018500 0
0.064000 -0.017500 0
0.064000 -0.016500 0
0.064000 -0.015500 0
0.064000 -0.014500 0
0.064000 -0.013500 0
0.064000 -0.012500 0
0.064000 -0.011500 0
0.064000 -0.010500 0
0.064000 -0.009500 0
0.064000 -0.008500 0
0.064000 -0.007500 0
0.064000 -0.006500 0
0.064000 -0.005500 0
0.064000 -0.004500 0
0.064000 -0.003500 0
0.064000 -0.002500 0
0.064000 -0.001500 0
0.064000 -0.000500 0
0.064000 0.000500 0
0.064000 0.001500 0
0.064000 0.002500 0
0.064000 0.003500 0
0.064000 0.004500 0
0.064000 0.005500 0
0.064000 0.006500 0
0.064000 0.007500 0
0.064000 0.008500 0
0.064000 0.009500 0
0.064000 0.010500 0
0.064000 0.011500 0
0.064000 0.012500 0
0.064000 0.013500 0
0.064000 0.014500 1
0.064000 0.015500 1
0.064000 0.016500 1
0.064000 0.017500 1
0.064000 0.018500 1
0.064000 0.019500 1
0.064000 0.020500 1
0.064000 0.021500 1
0.064000 0.022500 1
0.064000 0.023500 1
0.064000 0.024500 1
0.064000 0.025500 1
0.064000 0.026500 1
0.064000 0.027500 1
0.064000 0.028500 1
0.064000 0.029500 0
0.064000 0.030500 0
0.064000 0.031500 0
