% x y
0.053000 -0.013500
0.053500 -0.014000
0.054000 -0.014500
0.054500 -0.015000
0.055000 -0.015500
0.055500 -0.016000
0.056500 -0.016000
0.057500 -0.016000
0.058500 -0.016000
0.059000 -0.015500
0.059000 -0.014500
0.059000 -0.013500
0.059000 -0.012500
0.059000 -0.011500
0.059000 -0.010500
0.059000 -0.009500
0.058500 -0.009000
0.058000 -0.008500
0.057500 -0.008000
0.056500 -0.008000
0.055500 -0.008000
0.055000 -0.008500
0.054500 -0.009000
0.054000 -0.009500
0.053500 -0.010000
0.053000 -0.010500
0.053000 -0.011500
0.053000 -0.012500
0.053000 -0.013500
