% x y
0.045000 -0.009500
0.045500 -0.010000
0.046000 -0.010500
0.046000 -0.011500
0.046000 -0.012500
0.046000 -0.013500
0.046000 -0.014500
0.046000 -0.015500
0.046500 -0.016000
0.047000 -0.016500
0.047000 -0.017500
0.047500 -0.018000
0.048000 -0.018500
0.048500 -0.019000
0.049500 -0.019000
0.050500 -0.019000
0.051500 -0.019000
0.052000 -0.018500
0.052000 -0.017500
0.052000 -0.016500
0.052000 -0.015500
0.052000 -0.014500
0.052500 -0.014000
0.053000 -0.013500
0.053000 -0.012500
0.053000 -0.011500
0.053000 -0.010500
0.053000 -0.009500
0.053000 -0.008500
0.053000 -0.007500
0.053000 -0.006500
0.053000 -0.005500
0.053000 -0.004500
0.052500 -0.004000
0.052000 -0.004500
0.051500 -0.005000
0.050500 -0.005000
0.050000 -0.005500
0.049500 -0.006000
0.048500 -0.006000
0.047500 -0.006000
0.046500 -0.006000
0.045500 -0.006000
0.045000 -0.006500
0.045000 -0.007500
0.045000 -0.008500
0.045000 -0.009500
