% x y
0.044000 0.005500
0.044500 0.005000
0.045000 0.004500
0.045000 0.003500
0.045500 0.003000
0.046500 0.003000
0.047500 0.003000
0.048000 0.002500
0.048500 0.002000
0.049500 0.002000
0.050500 0.002000
0.051500 0.002000
0.052500 0.002000
0.053500 0.002000
0.054500 0.002000
0.055000 0.002500
0.055000 0.003500
0.055000 0.004500
0.055000 0.005500
0.055000 0.006500
0.055000 0.007500
0.055000 0.008500
0.055000 0.009500
0.055000 0.010500
0.055000 0.011500
0.055000 0.012500
0.054500 0.013000
0.053500 0.013000
0.052500 0.013000
0.051500 0.013000
0.050500 0.013000
0.050000 0.012500
0.049500 0.012000
0.048500 0.012000
0.048000 0.011500
0.047500 0.011000
0.046500 0.011000
0.046000 0.010500
0.045500 0.010000
0.045000 0.009500
0.045000 0.008500
0.044500 0.008000
0.044000 0.007500
0.044000 0.006500
0.044000 0.005500
