% x y
0.048000 -0.014500
0.048500 -0.015000
0.049500 -0.015000
0.050500 -0.015000
0.051500 -0.015000
0.052500 -0.015000
0.053500 -0.015000
0.054500 -0.015000
0.055500 -0.015000
0.056000 -0.014500
0.056500 -0.014000
0.057000 -0.013500
0.057000 -0.012500
0.057000 -0.011500
0.057000 -0.010500
0.057000 -0.009500
0.057000 -0.008500
0.056500 -0.008000
0.056000 -0.007500
0.056000 -0.006500
0.055500 -0.006000
0.055000 -0.005500
0.054500 -0.005000
0.053500 -0.005000
0.053000 -0.005500
0.052500 -0.006000
0.051500 -0.006000
0.051000 -0.006500
0.050500 -0.007000
0.050000 -0.007500
0.049500 -0.008000
0.049000 -0.008500
0.048500 -0.009000
0.048000 -0.009500
0.048000 -0.010500
0.048000 -0.011500
0.048000 -0.012500
0.048000 -0.013500
0.048000 -0.014500
