% x y
0.039000 0.003500
0.039500 0.003000
0.040000 0.002500
0.040500 0.002000
0.041500 0.002000
0.042500 0.002000
0.043500 0.002000
0.044000 0.002500
0.044500 0.003000
0.045500 0.003000
0.046000 0.003500
0.046500 0.004000
0.047000 0.004500
0.047500 0.005000
0.048000 0.005500
0.048000 0.006500
0.048000 0.007500
0.047500 0.008000
0.047000 0.008500
0.046500 0.009000
0.045500 0.009000
0.045000 0.009500
0.044500 0.010000
0.043500 0.010000
0.042500 0.010000
0.041500 0.010000
0.040500 0.010000
0.040000 0.009500
0.040000 0.008500
0.039500 0.008000
0.039000 0.007500
0.039000 0.006500
0.039000 0.005500
0.039000 0.004500
0.039000 0.003500
