% x y
0.044000 -0.003500
0.044500 -0.004000
0.045500 -0.004000
0.046000 -0.004500
0.046500 -0.005000
0.047000 -0.005500
0.047500 -0.006000
0.048500 -0.006000
0.049000 -0.006500
0.049500 -0.007000
0.050500 -0.007000
0.051500 -0.007000
0.052500 -0.007000
0.053500 -0.007000
0.054000 -0.006500
0.054000 -0.005500
0.054000 -0.004500
0.054000 -0.003500
0.054000 -0.002500
0.054000 -0.001500
0.054000 -0.000500
0.053500 0.000000
0.052500 0.000000
0.052000 0.000500
0.051500 0.001000
0.050500 0.001000
0.049500 0.001000
0.048500 0.001000
0.047500 0.001000
0.047000 0.000500
0.046500 0.000000
0.045500 0.000000
0.044500 0.000000
0.044000 -0.000500
0.044000 -0.001500
0.044000 -0.002500
0.044000 -0.003500
