% x y
0.042000 0.021500
0.042500 0.021000
0.043000 0.020500
0.043000 0.019500
0.043500 0.019000
0.044500 0.019000
0.045500 0.019000
0.046500 0.019000
0.047500 0.019000
0.048500 0.019000
0.049500 0.019000
0.050500 0.019000
0.051000 0.019500
0.051000 0.020500
0.051000 0.021500
0.050500 0.022000
0.050000 0.022500
0.049500 0.023000
0.049000 0.023500
0.048500 0.024000
0.047500 0.024000
0.047000 0.024500
0.046500 0.025000
0.045500 0.025000
0.044500 0.025000
0.043500 0.025000
0.042500 0.025000
0.042000 0.024500
0.042000 0.023500
0.042000 0.022500
0.042000 0.021500
