% x y
0.029000 0.004500
0.029500 0.004000
0.030000 0.003500
0.030500 0.003000
0.031000 0.002500
0.031500 0.002000
0.032000 0.001500
0.032500 0.001000
0.033000 0.000500
0.033500 0.000000
0.034000 -0.000500
0.034500 -0.001000
0.035000 -0.001500
0.035000 -0.002500
0.035500 -0.003000
0.036500 -0.003000
0.037500 -0.003000
0.038500 -0.003000
0.039000 -0.002500
0.039500 -0.002000
0.040000 -0.001500
0.040500 -0.001000
0.041000 -0.000500
0.041500 0.000000
0.042000 0.000500
0.042500 0.001000
0.043000 0.001500
0.043500 0.002000
0.044000 0.002500
0.044500 0.003000
0.045000 0.003500
0.045000 0.004500
0.044500 0.005000
0.044000 0.005500
0.043500 0.006000
0.043000 0.006500
0.042500 0.007000
0.042000 0.007500
0.041500 0.008000
0.040500 0.008000
0.040000 0.008500
0.039500 0.009000
0.038500 0.009000
0.038000 0.009500
0.037500 0.010000
0.036500 0.010000
0.035500 0.010000
0.034500 0.010000
0.034000 0.009500
0.033500 0.009000
0.032500 0.009000
0.032000 0.008500
0.031500 0.008000
0.030500 0.008000
0.030000 0.007500
0.029500 0.007000
0.029000 0.006500
0.029000 0.005500
0.029000 0.004500
