% x y
0.034000 0.009500
0.034500 0.009000
0.035500 0.009000
0.036000 0.008500
0.036500 0.008000
0.037500 0.008000
0.038500 0.008000
0.039500 0.008000
0.040500 0.008000
0.041500 0.008000
0.042500 0.008000
0.043000 0.008500
0.043500 0.009000
0.044000 0.009500
0.044500 0.010000
0.045000 0.010500
0.045000 0.011500
0.045500 0.012000
0.046000 0.012500
0.046000 0.013500
0.046500 0.014000
0.047000 0.014500
0.047500 0.015000
0.048000 0.015500
0.048000 0.016500
0.047500 0.017000
0.047000 0.017500
0.046500 0.018000
0.045500 0.018000
0.044500 0.018000
0.043500 0.018000
0.043000 0.017500
0.042500 0.017000
0.041500 0.017000
0.041000 0.016500
0.040500 0.016000
0.039500 0.016000
0.039000 0.015500
0.038500 0.015000
0.037500 0.015000
0.037000 0.014500
0.036500 0.014000
0.036000 0.013500
0.035500 0.013000
0.035000 0.012500
0.034500 0.012000
0.034000 0.011500
0.034000 0.010500
0.034000 0.009500
