% x y
0.043000 -0.013500
0.043500 -0.014000
0.044000 -0.014500
0.044000 -0.015500
0.044000 -0.016500
0.044500 -0.017000
0.045000 -0.017500
0.045000 -0.018500
0.045000 -0.019500
0.045000 -0.020500
0.045500 -0.021000
0.046000 -0.021500
0.045500 -0.022000
0.045000 -0.022500
0.045000 -0.023500
0.045500 -0.024000
0.046500 -0.024000
0.047500 -0.024000
0.048500 -0.024000
0.049500 -0.024000
0.050500 -0.024000
0.051500 -0.024000
0.052500 -0.024000
0.053000 -0.023500
0.053000 -0.022500
0.053000 -0.021500
0.053000 -0.020500
0.053000 -0.019500
0.053000 -0.018500
0.053000 -0.017500
0.053000 -0.016500
0.053000 -0.015500
0.053000 -0.014500
0.053000 -0.013500
0.053000 -0.012500
0.053000 -0.011500
0.053000 -0.010500
0.053000 -0.009500
0.052500 -0.009000
0.051500 -0.009000
0.050500 -0.009000
0.049500 -0.009000
0.048500 -0.009000
0.047500 -0.009000
0.046500 -0.009000
0.045500 -0.009000
0.044500 -0.009000
0.043500 -0.009000
0.043000 -0.009500
0.043000 -0.010500
0.043000 -0.011500
0.043000 -0.012500
0.043000 -0.013500
