% x y
0.029000 -0.020500
0.029500 -0.021000
0.030000 -0.021500
0.030000 -0.022500
0.030000 -0.023500
0.030500 -0.024000
0.031000 -0.024500
0.031500 -0.025000
0.032500 -0.025000
0.033500 -0.025000
0.034500 -0.025000
0.035500 -0.025000
0.036500 -0.025000
0.037500 -0.025000
0.038500 -0.025000
0.039500 -0.025000
0.040500 -0.025000
0.041500 -0.025000
0.042000 -0.024500
0.042500 -0.024000
0.043500 -0.024000
0.044000 -0.023500
0.044000 -0.022500
0.044000 -0.021500
0.044000 -0.020500
0.044000 -0.019500
0.043500 -0.019000
0.042500 -0.019000
0.042000 -0.018500
0.042000 -0.017500
0.041500 -0.017000
0.041000 -0.016500
0.040500 -0.016000
0.039500 -0.016000
0.039000 -0.015500
0.038500 -0.015000
0.037500 -0.015000
0.036500 -0.015000
0.035500 -0.015000
0.034500 -0.015000
0.033500 -0.015000
0.032500 -0.015000
0.031500 -0.015000
0.030500 -0.015000
0.030000 -0.015500
0.030000 -0.016500
0.030000 -0.017500
0.029500 -0.018000
0.029000 -0.018500
0.029000 -0.019500
0.029000 -0.020500
