% x y
0.032000 0.001500
0.032500 0.001000
0.033000 0.000500
0.033500 0.000000
0.034500 0.000000
0.035000 -0.000500
0.035500 -0.001000
0.036500 -0.001000
0.037500 -0.001000
0.038000 -0.001500
0.038500 -0.002000
0.039500 -0.002000
0.040500 -0.002000
0.041500 -0.002000
0.042500 -0.002000
0.043500 -0.002000
0.044500 -0.002000
0.045500 -0.002000
0.046000 -0.001500
0.046500 -0.001000
0.047500 -0.001000
0.048000 -0.000500
0.048500 0.000000
0.049500 0.000000
0.050500 0.000000
0.051000 0.000500
0.051500 0.001000
0.052000 0.001500
0.052000 0.002500
0.052000 0.003500
0.052000 0.004500
0.052000 0.005500
0.052000 0.006500
0.051500 0.007000
0.051000 0.007500
0.051000 0.008500
0.050500 0.009000
0.050000 0.009500
0.050000 0.010500
0.049500 0.011000
0.048500 0.011000
0.048000 0.011500
0.047500 0.012000
0.046500 0.012000
0.045500 0.012000
0.044500 0.012000
0.044000 0.011500
0.043500 0.011000
0.042500 0.011000
0.042000 0.010500
0.041500 0.010000
0.041000 0.009500
0.040500 0.009000
0.039500 0.009000
0.039000 0.008500
0.038500 0.008000
0.037500 0.008000
0.037000 0.007500
0.036500 0.007000
0.035500 0.007000
0.035000 0.006500
0.034500 0.006000
0.034000 0.005500
0.033500 0.005000
0.033000 0.004500
0.032500 0.004000
0.032000 0.003500
0.032000 0.002500
0.032000 0.001500
