% x y
0.026000 -0.000500
0.026500 -0.001000
0.027500 -0.001000
0.028000 -0.001500
0.028500 -0.002000
0.029500 -0.002000
0.030500 -0.002000
0.031500 -0.002000
0.032500 -0.002000
0.033500 -0.002000
0.034500 -0.002000
0.035500 -0.002000
0.036500 -0.002000
0.037000 -0.001500
0.037500 -0.001000
0.038000 -0.000500
0.038500 0.000000
0.039000 0.000500
0.039000 0.001500
0.039000 0.002500
0.038500 0.003000
0.038000 0.003500
0.037500 0.004000
0.036500 0.004000
0.035500 0.004000
0.034500 0.004000
0.033500 0.004000
0.032500 0.004000
0.031500 0.004000
0.030500 0.004000
0.029500 0.004000
0.028500 0.004000
0.027500 0.004000
0.027000 0.003500
0.027000 0.002500
0.026500 0.002000
0.026000 0.001500
0.026000 0.000500
0.026000 -0.000500
