% x y
0.021000 0.005500
0.021500 0.005000
0.022000 0.004500
0.022000 0.003500
0.022000 0.002500
0.022500 0.002000
0.023500 0.002000
0.024500 0.002000
0.025500 0.002000
0.026500 0.002000
0.027500 0.002000
0.028500 0.002000
0.029000 0.002500
0.029500 0.003000
0.030500 0.003000
0.031000 0.003500
0.031500 0.004000
0.032500 0.004000
0.033000 0.004500
0.033500 0.005000
0.034000 0.005500
0.034500 0.006000
0.035000 0.006500
0.035000 0.007500
0.035000 0.008500
0.035000 0.009500
0.034500 0.010000
0.033500 0.010000
0.032500 0.010000
0.032000 0.010500
0.031500 0.011000
0.030500 0.011000
0.029500 0.011000
0.028500 0.011000
0.028000 0.010500
0.027500 0.010000
0.026500 0.010000
0.025500 0.010000
0.024500 0.010000
0.024000 0.009500
0.023500 0.009000
0.022500 0.009000
0.021500 0.009000
0.021000 0.008500
0.021000 0.007500
0.021000 0.006500
0.021000 0.005500
