% x y
0.022000 0.004500
0.022500 0.004000
0.023000 0.003500
0.023500 0.003000
0.024000 0.002500
0.024500 0.002000
0.025500 0.002000
0.026500 0.002000
0.027500 0.002000
0.028500 0.002000
0.029500 0.002000
0.030500 0.002000
0.031500 0.002000
0.032500 0.002000
0.033500 0.002000
0.034500 0.002000
0.035500 0.002000
0.036500 0.002000
0.037500 0.002000
0.038000 0.002500
0.038000 0.003500
0.038000 0.004500
0.038000 0.005500
0.037500 0.006000
0.036500 0.006000
0.035500 0.006000
0.035000 0.006500
0.034500 0.007000
0.033500 0.007000
0.032500 0.007000
0.031500 0.007000
0.030500 0.007000
0.029500 0.007000
0.028500 0.007000
0.027500 0.007000
0.026500 0.007000
0.025500 0.007000
0.024500 0.007000
0.023500 0.007000
0.022500 0.007000
0.022000 0.006500
0.022000 0.005500
0.022000 0.004500
