% x y
0.048000 -0.016500
0.048500 -0.017000
0.049000 -0.017500
0.049500 -0.018000
0.050500 -0.018000
0.051000 -0.018500
0.051500 -0.019000
0.052500 -0.019000
0.053500 -0.019000
0.054500 -0.019000
0.055500 -0.019000
0.056500 -0.019000
0.057500 -0.019000
0.058000 -0.018500
0.058500 -0.018000
0.059000 -0.017500
0.058500 -0.017000
0.058000 -0.016500
0.058000 -0.015500
0.057500 -0.015000
0.056500 -0.015000
0.056000 -0.014500
0.055500 -0.014000
0.054500 -0.014000
0.053500 -0.014000
0.052500 -0.014000
0.051500 -0.014000
0.050500 -0.014000
0.049500 -0.014000
0.049000 -0.014500
0.048500 -0.015000
0.048000 -0.015500
0.048000 -0.016500
