% x y
0.046000 -0.009500
0.046500 -0.010000
0.047000 -0.010500
0.047500 -0.011000
0.048000 -0.011500
0.048500 -0.012000
0.049000 -0.012500
0.049500 -0.013000
0.050500 -0.013000
0.051500 -0.013000
0.052500 -0.013000
0.053500 -0.013000
0.054500 -0.013000
0.055000 -0.012500
0.055500 -0.012000
0.056000 -0.011500
0.056500 -0.011000
0.057000 -0.010500
0.057500 -0.010000
0.058500 -0.010000
0.059000 -0.009500
0.059000 -0.008500
0.059000 -0.007500
0.058500 -0.007000
0.058000 -0.006500
0.057500 -0.006000
0.057000 -0.005500
0.056500 -0.005000
0.056000 -0.004500
0.055500 -0.004000
0.055000 -0.003500
0.054500 -0.003000
0.053500 -0.003000
0.053000 -0.003500
0.052500 -0.004000
0.051500 -0.004000
0.050500 -0.004000
0.050000 -0.004500
0.049500 -0.005000
0.048500 -0.005000
0.048000 -0.005500
0.047500 -0.006000
0.046500 -0.006000
0.046000 -0.006500
0.046000 -0.007500
0.046000 -0.008500
0.046000 -0.009500
