% x y
0.020000 0.005500
0.020500 0.005000
0.021500 0.005000
0.022500 0.005000
0.023500 0.005000
0.024500 0.005000
0.025500 0.005000
0.026500 0.005000
0.027500 0.005000
0.028500 0.005000
0.029500 0.005000
0.030500 0.005000
0.031500 0.005000
0.032500 0.005000
0.033500 0.005000
0.034500 0.005000
0.035500 0.005000
0.036000 0.005500
0.036500 0.006000
0.037000 0.006500
0.037000 0.007500
0.037000 0.008500
0.037000 0.009500
0.037000 0.010500
0.036500 0.011000
0.035500 0.011000
0.034500 0.011000
0.034000 0.011500
0.033500 0.012000
0.032500 0.012000
0.031500 0.012000
0.030500 0.012000
0.029500 0.012000
0.028500 0.012000
0.028000 0.011500
0.027500 0.011000
0.026500 0.011000
0.025500 0.011000
0.024500 0.011000
0.023500 0.011000
0.022500 0.011000
0.021500 0.011000
0.021000 0.010500
0.020500 0.010000
0.020000 0.009500
0.020000 0.008500
0.020000 0.007500
0.020000 0.006500
0.020000 0.005500
