% x y
0.009000 -0.015500
0.009500 -0.016000
0.010000 -0.016500
0.010000 -0.017500
0.010000 -0.018500
0.010000 -0.019500
0.010000 -0.020500
0.010000 -0.021500
0.010000 -0.022500
0.010000 -0.023500
0.010500 -0.024000
0.011500 -0.024000
0.012000 -0.024500
0.012500 -0.025000
0.013500 -0.025000
0.014500 -0.025000
0.015000 -0.025500
0.015500 -0.026000
0.016500 -0.026000
0.017500 -0.026000
0.018500 -0.026000
0.019500 -0.026000
0.020500 -0.026000
0.021500 -0.026000
0.022500 -0.026000
0.023000 -0.025500
0.023500 -0.025000
0.024500 -0.025000
0.025000 -0.024500
0.025000 -0.023500
0.025500 -0.023000
0.026000 -0.022500
0.026000 -0.021500
0.026500 -0.021000
0.027000 -0.020500
0.027500 -0.020000
0.028000 -0.019500
0.028500 -0.019000
0.029500 -0.019000
0.030000 -0.018500
0.030500 -0.018000
0.031000 -0.017500
0.031500 -0.017000
0.032000 -0.016500
0.032500 -0.016000
0.033500 -0.016000
0.034000 -0.015500
0.034000 -0.014500
0.034000 -0.013500
0.034000 -0.012500
0.034000 -0.011500
0.034000 -0.010500
0.033500 -0.010000
0.032500 -0.010000
0.032000 -0.009500
0.031500 -0.009000
0.030500 -0.009000
0.030000 -0.008500
0.029500 -0.008000
0.028500 -0.008000
0.028000 -0.007500
0.027500 -0.007000
0.027000 -0.006500
0.026500 -0.006000
0.025500 -0.006000
0.024500 -0.006000
0.024000 -0.005500
0.023500 -0.005000
0.022500 -0.005000
0.021500 -0.005000
0.021000 -0.004500
0.020500 -0.004000
0.019500 -0.004000
0.018500 -0.004000
0.017500 -0.004000
0.016500 -0.004000
0.015500 -0.004000
0.014500 -0.004000
0.013500 -0.004000
0.012500 -0.004000
0.012000 -0.004500
0.011500 -0.005000
0.011000 -0.005500
0.010500 -0.006000
0.010000 -0.006500
0.010000 -0.007500
0.009500 -0.008000
0.009000 -0.008500
0.009000 -0.009500
0.009000 -0.010500
0.009000 -0.011500
0.009000 -0.012500
0.009000 -0.013500
0.009000 -0.014500
0.009000 -0.015500
