SPF层流域识别汇总 (Python解析)
扫描目录: D:\Diff_Topo\开源\topodiff-Evaluate\3批量导入comsol再仿真\再仿真温度场\mph
文件总数: 97

文件名						SPF域数	选中域		重点标注
==========================================================================================
模型结构导入comsol再仿真_000.mph	3	[1, 3, 7]	
模型结构导入comsol再仿真_001.mph	3	[1, 3, 7]	
模型结构导入comsol再仿真_002.mph	4	[1, 3, 4, 6]	 *** >3个域! ***
模型结构导入comsol再仿真_003.mph	3	[1, 3, 7]	
模型结构导入comsol再仿真_004.mph	3	[1, 3, 10]	
模型结构导入comsol再仿真_005.mph	3	[1, 3, 10]	
模型结构导入comsol再仿真_006.mph	3	[1, 3, 15]	
模型结构导入comsol再仿真_007.mph	3	[1, 3, 6]	
模型结构导入comsol再仿真_008.mph	3	[1, 3, 12]	
模型结构导入comsol再仿真_009.mph	3	[1, 3, 12]	
模型结构导入comsol再仿真_010.mph	3	[1, 3, 11]	
模型结构导入comsol再仿真_011.mph	3	[1, 3, 9]	
模型结构导入comsol再仿真_013.mph	3	[1, 3, 10]	
模型结构导入comsol再仿真_014.mph	3	[1, 3, 8]	
模型结构导入comsol再仿真_015.mph	3	[1, 3, 11]	
模型结构导入comsol再仿真_016.mph	3	[1, 3, 6]	
模型结构导入comsol再仿真_018.mph	3	[1, 3, 8]	
模型结构导入comsol再仿真_019.mph	3	[1, 3, 9]	
模型结构导入comsol再仿真_020.mph	3	[1, 3, 15]	
模型结构导入comsol再仿真_021.mph	3	[1, 3, 7]	
模型结构导入comsol再仿真_022.mph	3	[1, 3, 7]	
模型结构导入comsol再仿真_023.mph	3	[1, 3, 10]	
模型结构导入comsol再仿真_024.mph	3	[1, 3, 6]	
模型结构导入comsol再仿真_025.mph	4	[1, 3, 4, 14]	 *** >3个域! ***
模型结构导入comsol再仿真_026.mph	3	[1, 3, 16]	
模型结构导入comsol再仿真_027.mph	3	[1, 3, 6]	
模型结构导入comsol再仿真_028.mph	3	[1, 3, 7]	
模型结构导入comsol再仿真_029.mph	3	[1, 3, 9]	
模型结构导入comsol再仿真_030.mph	3	[1, 3, 7]	
模型结构导入comsol再仿真_031.mph	3	[1, 3, 5]	
模型结构导入comsol再仿真_033.mph	3	[1, 3, 6]	
模型结构导入comsol再仿真_034.mph	3	[1, 3, 7]	
模型结构导入comsol再仿真_035.mph	3	[1, 3, 13]	
模型结构导入comsol再仿真_036.mph	3	[1, 3, 9]	
模型结构导入comsol再仿真_037.mph	3	[1, 3, 12]	
模型结构导入comsol再仿真_038.mph	3	[1, 3, 11]	
模型结构导入comsol再仿真_039.mph	3	[1, 3, 8]	
模型结构导入comsol再仿真_040.mph	3	[1, 3, 11]	
模型结构导入comsol再仿真_041.mph	3	[1, 3, 6]	
模型结构导入comsol再仿真_042.mph	3	[1, 3, 8]	
模型结构导入comsol再仿真_043.mph	3	[1, 3, 13]	
模型结构导入comsol再仿真_044.mph	3	[1, 3, 8]	
模型结构导入comsol再仿真_045.mph	3	[1, 3, 7]	
模型结构导入comsol再仿真_046.mph	3	[1, 3, 8]	
模型结构导入comsol再仿真_047.mph	3	[1, 3, 15]	
模型结构导入comsol再仿真_048.mph	3	[1, 3, 15]	
模型结构导入comsol再仿真_049.mph	3	[1, 3, 10]	
模型结构导入comsol再仿真_050.mph	3	[1, 3, 13]	
模型结构导入comsol再仿真_051.mph	3	[1, 3, 10]	
模型结构导入comsol再仿真_052.mph	3	[1, 3, 12]	
模型结构导入comsol再仿真_053.mph	3	[1, 3, 7]	
模型结构导入comsol再仿真_054.mph	3	[1, 3, 9]	
模型结构导入comsol再仿真_055.mph	3	[1, 3, 10]	
模型结构导入comsol再仿真_056.mph	3	[1, 3, 8]	
模型结构导入comsol再仿真_057.mph	3	[1, 3, 6]	
模型结构导入comsol再仿真_058.mph	3	[1, 3, 6]	
模型结构导入comsol再仿真_059.mph	3	[1, 3, 15]	
模型结构导入comsol再仿真_060.mph	3	[1, 3, 8]	
模型结构导入comsol再仿真_061.mph	3	[1, 3, 8]	
模型结构导入comsol再仿真_062.mph	3	[1, 3, 9]	
模型结构导入comsol再仿真_063.mph	3	[1, 3, 15]	
模型结构导入comsol再仿真_064.mph	3	[1, 3, 6]	
模型结构导入comsol再仿真_065.mph	3	[1, 3, 6]	
模型结构导入comsol再仿真_066.mph	3	[1, 3, 9]	
模型结构导入comsol再仿真_067.mph	3	[1, 3, 6]	
模型结构导入comsol再仿真_068.mph	3	[1, 3, 7]	
模型结构导入comsol再仿真_069.mph	3	[1, 3, 10]	
模型结构导入comsol再仿真_070.mph	3	[1, 3, 6]	
模型结构导入comsol再仿真_071.mph	3	[1, 3, 10]	
模型结构导入comsol再仿真_072.mph	3	[1, 3, 10]	
模型结构导入comsol再仿真_073.mph	4	[1, 3, 4, 7]	 *** >3个域! ***
模型结构导入comsol再仿真_074.mph	4	[1, 3, 4, 14]	 *** >3个域! ***
模型结构导入comsol再仿真_075.mph	4	[1, 3, 4, 7]	 *** >3个域! ***
模型结构导入comsol再仿真_076.mph	3	[1, 3, 10]	
模型结构导入comsol再仿真_077.mph	3	[1, 3, 12]	
模型结构导入comsol再仿真_078.mph	3	[1, 3, 6]	
模型结构导入comsol再仿真_079.mph	4	[1, 3, 4, 7]	 *** >3个域! ***
模型结构导入comsol再仿真_080.mph	4	[1, 3, 4, 10]	 *** >3个域! ***
模型结构导入comsol再仿真_081.mph	3	[1, 3, 9]	
模型结构导入comsol再仿真_082.mph	4	[1, 3, 4, 9]	 *** >3个域! ***
模型结构导入comsol再仿真_083.mph	3	[1, 3, 13]	
模型结构导入comsol再仿真_084.mph	3	[1, 3, 9]	
模型结构导入comsol再仿真_085.mph	3	[1, 3, 14]	
模型结构导入comsol再仿真_086.mph	3	[1, 3, 15]	
模型结构导入comsol再仿真_087.mph	4	[1, 3, 4, 6]	 *** >3个域! ***
模型结构导入comsol再仿真_088.mph	4	[1, 3, 4, 10]	 *** >3个域! ***
模型结构导入comsol再仿真_089.mph	3	[1, 3, 8]	
模型结构导入comsol再仿真_090.mph	4	[1, 3, 4, 11]	 *** >3个域! ***
模型结构导入comsol再仿真_091.mph	3	[1, 3, 14]	
模型结构导入comsol再仿真_092.mph	4	[1, 3, 4, 11]	 *** >3个域! ***
模型结构导入comsol再仿真_093.mph	3	[1, 3, 6]	
模型结构导入comsol再仿真_094.mph	3	[1, 3, 6]	
模型结构导入comsol再仿真_095.mph	3	[1, 3, 6]	
模型结构导入comsol再仿真_096.mph	3	[1, 3, 13]	
模型结构导入comsol再仿真_097.mph	3	[1, 3, 6]	
模型结构导入comsol再仿真_098.mph	3	[1, 3, 6]	
模型结构导入comsol再仿真_099.mph	4	[1, 2, 3, 6]	 *** >3个域! ***

处理完成: 97 个文件, 重点标注: 13 个
