% x y
0.045000 -0.017500
0.045500 -0.018000
0.046500 -0.018000
0.047000 -0.018500
0.047500 -0.019000
0.048500 -0.019000
0.049500 -0.019000
0.050500 -0.019000
0.051500 -0.019000
0.052500 -0.019000
0.053500 -0.019000
0.054500 -0.019000
0.055500 -0.019000
0.056500 -0.019000
0.057000 -0.018500
0.057500 -0.018000
0.058500 -0.018000
0.059000 -0.017500
0.059500 -0.017000
0.060000 -0.016500
0.060500 -0.016000
0.061000 -0.015500
0.060500 -0.015000
0.060000 -0.014500
0.059500 -0.014000
0.058500 -0.014000
0.058000 -0.013500
0.057500 -0.013000
0.057000 -0.012500
0.056500 -0.012000
0.056000 -0.011500
0.055500 -0.011000
0.055000 -0.010500
0.054500 -0.010000
0.054000 -0.009500
0.053500 -0.009000
0.052500 -0.009000
0.051500 -0.009000
0.051000 -0.009500
0.050500 -0.010000
0.050000 -0.010500
0.049500 -0.011000
0.049000 -0.011500
0.048500 -0.012000
0.048000 -0.012500
0.047500 -0.013000
0.047000 -0.013500
0.046500 -0.014000
0.045500 -0.014000
0.045000 -0.014500
0.045000 -0.015500
0.045000 -0.016500
0.045000 -0.017500
