% x y
0.021000 -0.001500
0.021500 -0.002000
0.022500 -0.002000
0.023000 -0.002500
0.023500 -0.003000
0.024000 -0.003500
0.024500 -0.004000
0.025000 -0.004500
0.025500 -0.005000
0.026500 -0.005000
0.027500 -0.005000
0.028500 -0.005000
0.029500 -0.005000
0.030500 -0.005000
0.031500 -0.005000
0.032000 -0.004500
0.032000 -0.003500
0.032000 -0.002500
0.032000 -0.001500
0.031500 -0.001000
0.031000 -0.000500
0.030500 0.000000
0.030000 0.000500
0.029500 0.001000
0.028500 0.001000
0.027500 0.001000
0.026500 0.001000
0.025500 0.001000
0.024500 0.001000
0.024000 0.001500
0.023500 0.002000
0.022500 0.002000
0.021500 0.002000
0.021000 0.001500
0.021000 0.000500
0.021000 -0.000500
0.021000 -0.001500
