% x y
0.008000 -0.015500
0.008500 -0.016000
0.009500 -0.016000
0.010500 -0.016000
0.011500 -0.016000
0.012500 -0.016000
0.013500 -0.016000
0.014500 -0.016000
0.015000 -0.015500
0.015500 -0.015000
0.016000 -0.014500
0.016500 -0.014000
0.017000 -0.013500
0.017500 -0.013000
0.018000 -0.012500
0.018500 -0.012000
0.019000 -0.011500
0.019000 -0.010500
0.019500 -0.010000
0.020000 -0.009500
0.020000 -0.008500
0.020000 -0.007500
0.020000 -0.006500
0.020000 -0.005500
0.019500 -0.005000
0.018500 -0.005000
0.017500 -0.005000
0.016500 -0.005000
0.016000 -0.004500
0.015500 -0.004000
0.014500 -0.004000
0.013500 -0.004000
0.012500 -0.004000
0.012000 -0.004500
0.011500 -0.005000
0.010500 -0.005000
0.009500 -0.005000
0.009000 -0.005500
0.009000 -0.006500
0.009000 -0.007500
0.009000 -0.008500
0.009000 -0.009500
0.009000 -0.010500
0.008500 -0.011000
0.008000 -0.011500
0.008000 -0.012500
0.008000 -0.013500
0.008000 -0.014500
0.008000 -0.015500
