% x y
0.024000 -0.002500
0.024500 -0.003000
0.025000 -0.003500
0.025500 -0.004000
0.026500 -0.004000
0.027500 -0.004000
0.028500 -0.004000
0.029500 -0.004000
0.030500 -0.004000
0.031500 -0.004000
0.032500 -0.004000
0.033500 -0.004000
0.034500 -0.004000
0.035000 -0.003500
0.035500 -0.003000
0.036500 -0.003000
0.037500 -0.003000
0.038500 -0.003000
0.039000 -0.002500
0.039500 -0.002000
0.040500 -0.002000
0.041500 -0.002000
0.042500 -0.002000
0.043500 -0.002000
0.044500 -0.002000
0.045500 -0.002000
0.046000 -0.001500
0.046500 -0.001000
0.047500 -0.001000
0.048500 -0.001000
0.049500 -0.001000
0.050500 -0.001000
0.051000 -0.000500
0.051500 0.000000
0.052500 0.000000
0.053500 0.000000
0.054000 0.000500
0.054000 0.001500
0.054000 0.002500
0.054000 0.003500
0.053500 0.004000
0.053000 0.004500
0.053000 0.005500
0.053000 0.006500
0.052500 0.007000
0.052000 0.007500
0.051500 0.008000
0.051000 0.008500
0.050500 0.009000
0.049500 0.009000
0.048500 0.009000
0.047500 0.009000
0.047000 0.008500
0.046500 0.008000
0.045500 0.008000
0.045000 0.007500
0.044500 0.007000
0.043500 0.007000
0.043000 0.006500
0.042500 0.006000
0.041500 0.006000
0.041000 0.005500
0.040500 0.005000
0.039500 0.005000
0.039000 0.004500
0.038500 0.004000
0.037500 0.004000
0.036500 0.004000
0.036000 0.003500
0.035500 0.003000
0.034500 0.003000
0.033500 0.003000
0.032500 0.003000
0.031500 0.003000
0.030500 0.003000
0.030000 0.002500
0.029500 0.002000
0.028500 0.002000
0.027500 0.002000
0.026500 0.002000
0.026000 0.001500
0.025500 0.001000
0.025000 0.000500
0.025000 -0.000500
0.024500 -0.001000
0.024000 -0.001500
0.024000 -0.002500
