% x y
0.039000 -0.003500
0.039500 -0.004000
0.040500 -0.004000
0.041000 -0.004500
0.041500 -0.005000
0.042000 -0.005500
0.042500 -0.006000
0.043000 -0.006500
0.043500 -0.007000
0.044000 -0.007500
0.044500 -0.008000
0.045500 -0.008000
0.046000 -0.008500
0.046500 -0.009000
0.047500 -0.009000
0.048500 -0.009000
0.049500 -0.009000
0.050500 -0.009000
0.051500 -0.009000
0.052000 -0.008500
0.052500 -0.008000
0.053500 -0.008000
0.054000 -0.007500
0.054500 -0.007000
0.055000 -0.006500
0.055000 -0.005500
0.055000 -0.004500
0.055000 -0.003500
0.055000 -0.002500
0.055000 -0.001500
0.055000 -0.000500
0.055000 0.000500
0.055000 0.001500
0.055000 0.002500
0.055000 0.003500
0.055000 0.004500
0.055000 0.005500
0.055000 0.006500
0.054500 0.007000
0.054000 0.007500
0.054000 0.008500
0.053500 0.009000
0.053000 0.009500
0.052500 0.010000
0.051500 0.010000
0.050500 0.010000
0.049500 0.010000
0.048500 0.010000
0.048000 0.009500
0.047500 0.009000
0.047000 0.008500
0.046500 0.008000
0.046000 0.007500
0.045500 0.007000
0.044500 0.007000
0.044000 0.006500
0.043500 0.006000
0.043000 0.005500
0.042500 0.005000
0.041500 0.005000
0.041000 0.004500
0.040500 0.004000
0.040000 0.003500
0.039500 0.003000
0.039000 0.002500
0.039000 0.001500
0.039000 0.000500
0.039000 -0.000500
0.039000 -0.001500
0.039000 -0.002500
0.039000 -0.003500
