% x y
0.018000 -0.013500
0.018500 -0.014000
0.019500 -0.014000
0.020500 -0.014000
0.021500 -0.014000
0.022500 -0.014000
0.023500 -0.014000
0.024000 -0.013500
0.024500 -0.013000
0.025500 -0.013000
0.026000 -0.012500
0.026000 -0.011500
0.026000 -0.010500
0.026000 -0.009500
0.026000 -0.008500
0.025500 -0.008000
0.024500 -0.008000
0.023500 -0.008000
0.022500 -0.008000
0.021500 -0.008000
0.020500 -0.008000
0.020000 -0.008500
0.019500 -0.009000
0.019000 -0.009500
0.018500 -0.010000
0.018000 -0.010500
0.018000 -0.011500
0.018000 -0.012500
0.018000 -0.013500
