% x y
0.009000 -0.009500
0.009500 -0.010000
0.010500 -0.010000
0.011500 -0.010000
0.012000 -0.010500
0.012500 -0.011000
0.013500 -0.011000
0.014500 -0.011000
0.015500 -0.011000
0.016000 -0.010500
0.016500 -0.010000
0.017000 -0.009500
0.016500 -0.009000
0.016000 -0.008500
0.015500 -0.008000
0.015000 -0.007500
0.014500 -0.007000
0.014000 -0.006500
0.013500 -0.006000
0.012500 -0.006000
0.011500 -0.006000
0.010500 -0.006000
0.009500 -0.006000
0.009000 -0.006500
0.009000 -0.007500
0.009000 -0.008500
0.009000 -0.009500
