% x y
0.037000 0.009500
0.037500 0.009000
0.038000 0.008500
0.038500 0.008000
0.039000 0.007500
0.039500 0.007000
0.040500 0.007000
0.041000 0.006500
0.041500 0.006000
0.042500 0.006000
0.043500 0.006000
0.044000 0.005500
0.044500 0.005000
0.045500 0.005000
0.046500 0.005000
0.047500 0.005000
0.048500 0.005000
0.049500 0.005000
0.050500 0.005000
0.051500 0.005000
0.052500 0.005000
0.053000 0.005500
0.053000 0.006500
0.053000 0.007500
0.053000 0.008500
0.053500 0.009000
0.054000 0.009500
0.054000 0.010500
0.054000 0.011500
0.054000 0.012500
0.054000 0.013500
0.054000 0.014500
0.054000 0.015500
0.053500 0.016000
0.052500 0.016000
0.052000 0.016500
0.051500 0.017000
0.050500 0.017000
0.050000 0.017500
0.049500 0.018000
0.048500 0.018000
0.047500 0.018000
0.046500 0.018000
0.045500 0.018000
0.044500 0.018000
0.043500 0.018000
0.042500 0.018000
0.041500 0.018000
0.041000 0.017500
0.041000 0.016500
0.040500 0.016000
0.040000 0.015500
0.040000 0.014500
0.039500 0.014000
0.039000 0.013500
0.038500 0.013000
0.038000 0.012500
0.038000 0.011500
0.037500 0.011000
0.037000 0.010500
0.037000 0.009500
