% x y
0.008500 0.008500
0.008500 0.009500
0.008500 0.010500
0.008500 0.011500
0.008500 0.012500
0.008500 0.013500
0.008500 0.014500
0.008500 0.015500
0.009500 0.016500
0.009500 0.017500
0.009500 0.018500
0.009500 0.019500
0.010500 0.020500
0.011500 0.021500
0.012500 0.021500
0.013500 0.021500
0.014500 0.021500
0.015500 0.021500
0.016500 0.021500
0.017500 0.021500
0.018500 0.021500
0.019500 0.020500
0.020500 0.020500
0.021500 0.020500
0.022500 0.020500
0.023500 0.020500
0.024500 0.020500
0.025500 0.019500
0.026500 0.019500
0.027500 0.018500
0.028500 0.018500
0.029500 0.017500
0.029500 0.016500
0.029500 0.015500
0.029500 0.014500
0.028500 0.013500
0.027500 0.012500
0.026500 0.011500
0.025500 0.010500
0.024500 0.009500
0.023500 0.008500
0.022500 0.007500
0.021500 0.006500
0.020500 0.006500
0.019500 0.005500
0.018500 0.005500
0.017500 0.004500
0.016500 0.004500
0.015500 0.004500
0.014500 0.004500
0.013500 0.004500
0.012500 0.004500
0.011500 0.004500
0.010500 0.005500
0.009500 0.006500
0.009500 0.007500
