% x y
0.021000 -0.007500
0.021500 -0.008000
0.022500 -0.008000
0.023500 -0.008000
0.024500 -0.008000
0.025500 -0.008000
0.026000 -0.007500
0.026500 -0.007000
0.027000 -0.006500
0.027500 -0.006000
0.028500 -0.006000
0.029000 -0.005500
0.029000 -0.004500
0.028500 -0.004000
0.028000 -0.003500
0.027500 -0.003000
0.026500 -0.003000
0.025500 -0.003000
0.024500 -0.003000
0.023500 -0.003000
0.023000 -0.003500
0.022500 -0.004000
0.022000 -0.004500
0.022000 -0.005500
0.021500 -0.006000
0.021000 -0.006500
0.021000 -0.007500
