% x y
0.043000 -0.024500
0.043500 -0.025000
0.044000 -0.024500
0.044500 -0.024000
0.045500 -0.024000
0.046000 -0.023500
0.046500 -0.023000
0.047500 -0.023000
0.048000 -0.022500
0.048500 -0.022000
0.049000 -0.021500
0.049000 -0.020500
0.049500 -0.020000
0.050000 -0.019500
0.050000 -0.018500
0.049500 -0.018000
0.049000 -0.017500
0.048500 -0.017000
0.047500 -0.017000
0.046500 -0.017000
0.045500 -0.017000
0.044500 -0.017000
0.044000 -0.017500
0.043500 -0.018000
0.043000 -0.018500
0.043000 -0.019500
0.043000 -0.020500
0.043000 -0.021500
0.043000 -0.022500
0.043000 -0.023500
0.043000 -0.024500
