% x y
0.010000 0.000500
0.010500 0.000000
0.011000 -0.000500
0.011500 -0.001000
0.012000 -0.001500
0.012500 -0.002000
0.013500 -0.002000
0.014000 -0.002500
0.014500 -0.003000
0.015500 -0.003000
0.016500 -0.003000
0.017500 -0.003000
0.018500 -0.003000
0.019500 -0.003000
0.020500 -0.003000
0.021500 -0.003000
0.022500 -0.003000
0.023500 -0.003000
0.024500 -0.003000
0.025500 -0.003000
0.026500 -0.003000
0.027500 -0.003000
0.028500 -0.003000
0.029500 -0.003000
0.030500 -0.003000
0.031500 -0.003000
0.032500 -0.003000
0.033500 -0.003000
0.034500 -0.003000
0.035500 -0.003000
0.036500 -0.003000
0.037500 -0.003000
0.038500 -0.003000
0.039000 -0.002500
0.039000 -0.001500
0.039500 -0.001000
0.040000 -0.000500
0.040000 0.000500
0.040000 0.001500
0.039500 0.002000
0.038500 0.002000
0.038000 0.002500
0.037500 0.003000
0.036500 0.003000
0.035500 0.003000
0.034500 0.003000
0.033500 0.003000
0.032500 0.003000
0.031500 0.003000
0.030500 0.003000
0.029500 0.003000
0.028500 0.003000
0.027500 0.003000
0.026500 0.003000
0.025500 0.003000
0.024500 0.003000
0.023500 0.003000
0.022500 0.003000
0.021500 0.003000
0.020500 0.003000
0.019500 0.003000
0.019000 0.002500
0.018500 0.002000
0.017500 0.002000
0.016500 0.002000
0.015500 0.002000
0.014500 0.002000
0.013500 0.002000
0.012500 0.002000
0.011500 0.002000
0.011000 0.001500
0.010500 0.001000
0.010000 0.000500
