% x y
0.017000 -0.022500
0.017500 -0.023000
0.018000 -0.023500
0.018500 -0.024000
0.019500 -0.024000
0.020000 -0.024500
0.020500 -0.025000
0.021500 -0.025000
0.022500 -0.025000
0.023500 -0.025000
0.024500 -0.025000
0.025500 -0.025000
0.026500 -0.025000
0.027000 -0.024500
0.027000 -0.023500
0.027500 -0.023000
0.028000 -0.022500
0.028000 -0.021500
0.028000 -0.020500
0.028500 -0.020000
0.029000 -0.019500
0.029000 -0.018500
0.029500 -0.018000
0.030000 -0.017500
0.030000 -0.016500
0.029500 -0.016000
0.029000 -0.015500
0.028500 -0.015000
0.028000 -0.014500
0.027500 -0.014000
0.026500 -0.014000
0.025500 -0.014000
0.024500 -0.014000
0.023500 -0.014000
0.022500 -0.014000
0.021500 -0.014000
0.021000 -0.014500
0.020500 -0.015000
0.020000 -0.015500
0.019500 -0.016000
0.019000 -0.016500
0.018500 -0.017000
0.018000 -0.017500
0.017500 -0.018000
0.017000 -0.018500
0.017000 -0.019500
0.017000 -0.020500
0.017000 -0.021500
0.017000 -0.022500
