% x y
0.034000 -0.006500
0.034500 -0.007000
0.035000 -0.007500
0.035500 -0.008000
0.036500 -0.008000
0.037000 -0.008500
0.037500 -0.009000
0.038500 -0.009000
0.039500 -0.009000
0.040500 -0.009000
0.041500 -0.009000
0.042500 -0.009000
0.043500 -0.009000
0.044000 -0.008500
0.044000 -0.007500
0.044000 -0.006500
0.044000 -0.005500
0.044000 -0.004500
0.044000 -0.003500
0.044000 -0.002500
0.043500 -0.002000
0.043000 -0.001500
0.043000 -0.000500
0.042500 0.000000
0.042000 0.000500
0.041500 0.001000
0.041000 0.001500
0.040500 0.002000
0.039500 0.002000
0.039000 0.002500
0.038500 0.003000
0.037500 0.003000
0.036500 0.003000
0.035500 0.003000
0.035000 0.002500
0.035000 0.001500
0.034500 0.001000
0.034000 0.000500
0.034000 -0.000500
0.034000 -0.001500
0.034000 -0.002500
0.034000 -0.003500
0.034000 -0.004500
0.034000 -0.005500
0.034000 -0.006500
