% x y
0.021000 0.007500
0.021500 0.007000
0.022500 0.007000
0.023500 0.007000
0.024500 0.007000
0.025500 0.007000
0.026500 0.007000
0.027500 0.007000
0.028500 0.007000
0.029500 0.007000
0.030500 0.007000
0.031000 0.007500
0.031500 0.008000
0.032000 0.008500
0.032000 0.009500
0.031500 0.010000
0.031000 0.010500
0.031000 0.011500
0.030500 0.012000
0.030000 0.012500
0.030000 0.013500
0.029500 0.014000
0.028500 0.014000
0.027500 0.014000
0.027000 0.013500
0.026500 0.013000
0.026000 0.012500
0.025500 0.012000
0.024500 0.012000
0.024000 0.011500
0.023500 0.011000
0.023000 0.010500
0.022500 0.010000
0.021500 0.010000
0.021000 0.009500
0.021000 0.008500
0.021000 0.007500
