% x y
0.022000 -0.022500
0.022500 -0.023000
0.023500 -0.023000
0.024000 -0.023500
0.024500 -0.024000
0.025500 -0.024000
0.026500 -0.024000
0.027500 -0.024000
0.028500 -0.024000
0.029500 -0.024000
0.030500 -0.024000
0.031500 -0.024000
0.032500 -0.024000
0.033500 -0.024000
0.034500 -0.024000
0.035500 -0.024000
0.036500 -0.024000
0.037000 -0.023500
0.037500 -0.023000
0.038500 -0.023000
0.039000 -0.022500
0.039500 -0.022000
0.040000 -0.021500
0.040000 -0.020500
0.040000 -0.019500
0.040000 -0.018500
0.039500 -0.018000
0.039000 -0.017500
0.038500 -0.017000
0.038000 -0.016500
0.037500 -0.016000
0.036500 -0.016000
0.036000 -0.015500
0.035500 -0.015000
0.034500 -0.015000
0.033500 -0.015000
0.032500 -0.015000
0.031500 -0.015000
0.030500 -0.015000
0.029500 -0.015000
0.028500 -0.015000
0.027500 -0.015000
0.027000 -0.015500
0.026500 -0.016000
0.025500 -0.016000
0.024500 -0.016000
0.024000 -0.016500
0.023500 -0.017000
0.023000 -0.017500
0.022500 -0.018000
0.022000 -0.018500
0.022000 -0.019500
0.022000 -0.020500
0.022000 -0.021500
0.022000 -0.022500
