% x y
0.023000 -0.008500
0.023500 -0.009000
0.024000 -0.009500
0.024500 -0.010000
0.025000 -0.010500
0.025500 -0.011000
0.026000 -0.011500
0.026500 -0.012000
0.027500 -0.012000
0.028500 -0.012000
0.029500 -0.012000
0.030000 -0.012500
0.030500 -0.013000
0.031500 -0.013000
0.032500 -0.013000
0.033500 -0.013000
0.034500 -0.013000
0.035500 -0.013000
0.036500 -0.013000
0.037500 -0.013000
0.038000 -0.012500
0.038500 -0.012000
0.039500 -0.012000
0.040000 -0.011500
0.040000 -0.010500
0.040000 -0.009500
0.040000 -0.008500
0.040000 -0.007500
0.040000 -0.006500
0.040000 -0.005500
0.039500 -0.005000
0.038500 -0.005000
0.037500 -0.005000
0.037000 -0.004500
0.036500 -0.004000
0.035500 -0.004000
0.034500 -0.004000
0.033500 -0.004000
0.032500 -0.004000
0.031500 -0.004000
0.030500 -0.004000
0.029500 -0.004000
0.028500 -0.004000
0.027500 -0.004000
0.026500 -0.004000
0.025500 -0.004000
0.024500 -0.004000
0.024000 -0.004500
0.023500 -0.005000
0.023000 -0.005500
0.023000 -0.006500
0.023000 -0.007500
0.023000 -0.008500
