% x y
0.025000 -0.010500
0.025500 -0.011000
0.026000 -0.011500
0.026500 -0.012000
0.027000 -0.012500
0.027000 -0.013500
0.027500 -0.014000
0.028500 -0.014000
0.029500 -0.014000
0.030500 -0.014000
0.031500 -0.014000
0.032500 -0.014000
0.033500 -0.014000
0.034000 -0.013500
0.034500 -0.013000
0.035500 -0.013000
0.036500 -0.013000
0.037500 -0.013000
0.038500 -0.013000
0.039500 -0.013000
0.040000 -0.012500
0.040500 -0.012000
0.041000 -0.011500
0.041000 -0.010500
0.041000 -0.009500
0.041000 -0.008500
0.041000 -0.007500
0.041000 -0.006500
0.041000 -0.005500
0.040500 -0.005000
0.039500 -0.005000
0.038500 -0.005000
0.037500 -0.005000
0.036500 -0.005000
0.035500 -0.005000
0.034500 -0.005000
0.033500 -0.005000
0.032500 -0.005000
0.031500 -0.005000
0.030500 -0.005000
0.029500 -0.005000
0.028500 -0.005000
0.027500 -0.005000
0.026500 -0.005000
0.025500 -0.005000
0.025000 -0.005500
0.025000 -0.006500
0.025000 -0.007500
0.025000 -0.008500
0.025000 -0.009500
0.025000 -0.010500
