% x y
0.017000 -0.009500
0.017500 -0.010000
0.018500 -0.010000
0.019000 -0.010500
0.019500 -0.011000
0.020500 -0.011000
0.021500 -0.011000
0.022500 -0.011000
0.023500 -0.011000
0.024000 -0.010500
0.024500 -0.010000
0.025000 -0.009500
0.025000 -0.008500
0.025000 -0.007500
0.025000 -0.006500
0.025000 -0.005500
0.025000 -0.004500
0.024500 -0.004000
0.023500 -0.004000
0.022500 -0.004000
0.021500 -0.004000
0.020500 -0.004000
0.019500 -0.004000
0.019000 -0.004500
0.018500 -0.005000
0.017500 -0.005000
0.017000 -0.005500
0.017000 -0.006500
0.017000 -0.007500
0.017000 -0.008500
0.017000 -0.009500
