% x y
0.038000 -0.025500
0.038500 -0.026000
0.039500 -0.026000
0.040500 -0.026000
0.041500 -0.026000
0.042500 -0.026000
0.043500 -0.026000
0.044500 -0.026000
0.045000 -0.025500
0.045500 -0.025000
0.046000 -0.024500
0.046500 -0.024000
0.047000 -0.023500
0.047500 -0.023000
0.048000 -0.022500
0.048500 -0.022000
0.049000 -0.021500
0.049000 -0.020500
0.049500 -0.020000
0.050000 -0.019500
0.050500 -0.019000
0.051000 -0.018500
0.051500 -0.018000
0.052000 -0.017500
0.052500 -0.017000
0.053000 -0.016500
0.053500 -0.016000
0.054000 -0.015500
0.054000 -0.014500
0.053500 -0.014000
0.052500 -0.014000
0.051500 -0.014000
0.050500 -0.014000
0.049500 -0.014000
0.048500 -0.014000
0.047500 -0.014000
0.046500 -0.014000
0.045500 -0.014000
0.044500 -0.014000
0.043500 -0.014000
0.042500 -0.014000
0.041500 -0.014000
0.040500 -0.014000
0.040000 -0.014500
0.040000 -0.015500
0.039500 -0.016000
0.039000 -0.016500
0.039000 -0.017500
0.039000 -0.018500
0.039000 -0.019500
0.039000 -0.020500
0.038500 -0.021000
0.038000 -0.021500
0.038000 -0.022500
0.038000 -0.023500
0.038000 -0.024500
0.038000 -0.025500
