% x y
0.048000 -0.000500
0.048500 -0.001000
0.049000 -0.001500
0.049500 -0.002000
0.050500 -0.002000
0.051000 -0.002500
0.051500 -0.003000
0.052000 -0.003500
0.052500 -0.004000
0.053500 -0.004000
0.054500 -0.004000
0.055500 -0.004000
0.056000 -0.003500
0.056500 -0.003000
0.057500 -0.003000
0.058000 -0.002500
0.058500 -0.002000
0.059000 -0.001500
0.059000 -0.000500
0.059000 0.000500
0.058500 0.001000
0.058000 0.001500
0.057500 0.002000
0.056500 0.002000
0.056000 0.002500
0.055500 0.003000
0.055000 0.003500
0.054500 0.004000
0.053500 0.004000
0.052500 0.004000
0.052000 0.003500
0.051500 0.003000
0.050500 0.003000
0.050000 0.002500
0.049500 0.002000
0.049000 0.001500
0.048500 0.001000
0.048000 0.000500
0.048000 -0.000500
