% x y
0.042000 0.004500
0.042500 0.004000
0.043500 0.004000
0.044500 0.004000
0.045000 0.003500
0.045500 0.003000
0.046500 0.003000
0.047000 0.003500
0.047500 0.004000
0.048500 0.004000
0.049500 0.004000
0.050000 0.004500
0.050500 0.005000
0.051000 0.005500
0.051000 0.006500
0.051000 0.007500
0.050500 0.008000
0.050000 0.008500
0.050000 0.009500
0.049500 0.010000
0.049000 0.010500
0.048500 0.011000
0.048000 0.011500
0.047500 0.012000
0.046500 0.012000
0.045500 0.012000
0.045000 0.011500
0.044500 0.011000
0.044000 0.010500
0.043500 0.010000
0.043000 0.009500
0.042500 0.009000
0.042000 0.008500
0.042000 0.007500
0.042000 0.006500
0.042000 0.005500
0.042000 0.004500
